JD	260 278 308 344	870 2374	filename.jpg
BAKERY	320 279 469 346	870 2374	filename.jpg
CAFE	481 279 587 346	870 2374	filename.jpg
DD	304 366 340 403	870 2374	filename.jpg
FOODS	356 365 456 404	870 2374	filename.jpg
INC.	474 366 549 405	870 2374	filename.jpg
E.	149 416 190 455	870 2374	filename.jpg
LOPEZ	203 416 305 455	870 2374	filename.jpg
ST.	320 417 382 456	870 2374	filename.jpg
JARO	395 417 476 456	870 2374	filename.jpg
ILOILO	494 417 610 455	870 2374	filename.jpg
SITY	629 418 703 454	870 2374	filename.jpg
VAT	150 463 207 502	870 2374	filename.jpg
REG	224 464 285 503	870 2374	filename.jpg
TIN:	302 465 385 504	870 2374	filename.jpg
004-865-972-025	397 465 705 508	870 2374	filename.jpg
SERIAL	187 515 303 553	870 2374	filename.jpg
No.	319 515 383 553	870 2374	filename.jpg
PTM43029123/003	395 515 689 554	870 2374	filename.jpg
MIN:	225 565 305 603	870 2374	filename.jpg
19102815415764898	318 565 649 604	870 2374	filename.jpg
TAKE	53 661 146 727	870 2374	filename.jpg
OUT	159 660 241 726	870 2374	filename.jpg
CUST	511 665 606 730	870 2374	filename.jpg
NO:	621 665 704 730	870 2374	filename.jpg
1	720 669 746 729	870 2374	filename.jpg
0000512234	52 798 248 838	870 2374	filename.jpg
1	263 799 287 838	870 2374	filename.jpg
WALK-IN	316 800 458 838	870 2374	filename.jpg
Cshr:	52 849 150 887	870 2374	filename.jpg
ELLA	160 849 246 888	870 2374	filename.jpg
04/16/2013	396 850 590 889	870 2374	filename.jpg
05:13:41	604 849 766 889	870 2374	filename.jpg
PM	779 850 822 889	870 2374	filename.jpg
---	505 914 541 928	870 2374	filename.jpg
Qty	52 951 111 995	870 2374	filename.jpg
Description(s)	123 952 394 998	870 2374	filename.jpg
------	717 913 808 926	870 2374	filename.jpg
Price	721 957 818 992	870 2374	filename.jpg
1	49 1100 75 1142	870 2374	filename.jpg
PCS	128 1104 184 1141	870 2374	filename.jpg
PORK	198 1103 281 1141	870 2374	filename.jpg
CHOP	294 1102 377 1141	870 2374	filename.jpg
W/	393 1102 438 1141	870 2374	filename.jpg
RICE	451 1102 532 1140	870 2374	filename.jpg
111.00	706 1106 818 1139	870 2374	filename.jpg
1	54 1157 69 1187	870 2374	filename.jpg
PCS	127 1154 185 1191	870 2374	filename.jpg
SOFT	200 1153 284 1191	870 2374	filename.jpg
ENSAYMADA	297 1152 476 1192	870 2374	filename.jpg
-------	147 1216 271 1230	870 2374	filename.jpg
-----------	300 1216 500 1231	870 2374	filename.jpg
-----------	608 1218 808 1230	870 2374	filename.jpg
23.00	724 1154 819 1191	870 2374	filename.jpg
Sub-Total	129 1253 301 1291	870 2374	filename.jpg
-VAT(14.36)/20%SCD(23.93)	132 1300 606 1347	870 2374	filename.jpg
2.00	318 1350 399 1395	870 2374	filename.jpg
item(s):"	415 1350 581 1397	870 2374	filename.jpg
134.00	707 1255 818 1291	870 2374	filename.jpg
-38.29	704 1303 819 1341	870 2374	filename.jpg
TOTAL	167 1399 258 1437	870 2374	filename.jpg
95.71	722 1401 819 1438	870 2374	filename.jpg
Tendered:	129 1451 299 1488	870 2374	filename.jpg
CASH	123 1497 203 1535	870 2374	filename.jpg
200.00	704 1502 817 1535	870 2374	filename.jpg
Change:	124 1549 261 1589	870 2374	filename.jpg
----------------.	127 1613 441 1623	870 2374	filename.jpg
104.29	706 1549 815 1585	870 2374	filename.jpg
VATABLE/VAT	49 1650 263 1688	870 2374	filename.jpg
SALE	279 1650 357 1689	870 2374	filename.jpg
0.00	744 1653 815 1686	870 2374	filename.jpg
VAT-EXEMPT	48 1701 242 1738	870 2374	filename.jpg
SALE	257 1700 336 1738	870 2374	filename.jpg
0.00	739 1702 817 1739	870 2374	filename.jpg
VAT	49 1753 110 1791	870 2374	filename.jpg
ZERO-RATED	122 1753 320 1790	870 2374	filename.jpg
SALE	337 1753 416 1789	870 2374	filename.jpg
95.71	725 1753 816 1789	870 2374	filename.jpg
TOTAL	53 1802 146 1841	870 2374	filename.jpg
SALE	160 1802 240 1841	870 2374	filename.jpg
95.71	721 1802 820 1841	870 2374	filename.jpg
12%	51 1852 110 1892	870 2374	filename.jpg
VAT	123 1852 186 1892	870 2374	filename.jpg
0.00	742 1854 816 1888	870 2374	filename.jpg
-----------	553 1018 753 1030	870 2374	filename.jpg
Customer	50 1953 204 1990	870 2374	filename.jpg
ELLAN	318 1952 414 1990	870 2374	filename.jpg
FLORES	430 1952 551 1990	870 2374	filename.jpg
OSCA/PWD	49 2000 202 2038	870 2374	filename.jpg
ID#:	220 2000 301 2038	870 2374	filename.jpg
610	316 2000 376 2037	870 2374	filename.jpg
SC/PWD	49 2049 166 2087	870 2374	filename.jpg
TIN	184 2049 242 2087	870 2374	filename.jpg
:14.18	299 2054 285 2085	870 2374	filename.jpg
------	361 2083 463 2096	870 2374	filename.jpg
-	476 2083 482 2096	870 2374	filename.jpg

KF	8 254 30 320	611 3110	filename.jpg
Houseware	47 253 215 322	611 3110	filename.jpg
Products	231 248 374 325	611 3110	filename.jpg
Enterprise	390 246 580 329	611 3110	filename.jpg
Prop.	96 330 190 370	611 3110	filename.jpg
WILSON	198 329 314 370	611 3110	filename.jpg
D.	323 328 370 369	611 3110	filename.jpg
NICOR	378 328 475 367	611 3110	filename.jpg
E.	23 373 64 412	611 3110	filename.jpg
Lopez	72 373 172 413	611 3110	filename.jpg
Street	181 373 296 413	611 3110	filename.jpg
Brgy	305 373 387 412	611 3110	filename.jpg
Montinola	396 372 565 410	611 3110	filename.jpg
Jaro	120 419 187 454	611 3110	filename.jpg
Ilo	202 417 257 454	611 3110	filename.jpg
-	272 416 293 454	611 3110	filename.jpg
Ilo	311 416 366 454	611 3110	filename.jpg
City	379 416 457 454	611 3110	filename.jpg
VAT	43 461 100 501	611 3110	filename.jpg
Reg.	110 461 193 500	611 3110	filename.jpg
TIN#706-047-487-000	201 460 548 494	611 3110	filename.jpg
S/N:	168 503 246 545	611 3110	filename.jpg
ZA46EW25	255 501 406 545	611 3110	filename.jpg
MIN:	98 548 173 584	611 3110	filename.jpg
17120516473254657	186 547 495 582	611 3110	filename.jpg
S.W	9 594 62 629	611 3110	filename.jpg
Accrd:	76 592 191 627	611 3110	filename.jpg
031233241770000173533	200 590 584 623	611 3110	filename.jpg
Permit:	10 635 138 672	611 3110	filename.jpg
FP122017-074-0149382-000	145 634 584 668	611 3110	filename.jpg
-	12 694 19 706	611 3110	filename.jpg
DESCRIPTION	11 724 209 758	611 3110	filename.jpg
PRICE	278 720 367 755	611 3110	filename.jpg
AMOUNT	477 721 579 755	611 3110	filename.jpg
0819-4-225	12 808 192 850	611 3110	filename.jpg
COTTON	201 805 319 849	611 3110	filename.jpg
BUDS	328 803 408 848	611 3110	filename.jpg
WOOD	417 802 497 847	611 3110	filename.jpg
HEAR	506 801 586 846	611 3110	filename.jpg
20.00	281 850 372 887	611 3110	filename.jpg
20.00	496 848 586 884	611 3110	filename.jpg
1	176 854 189 890	611 3110	filename.jpg
ITEM	14 938 83 976	611 3110	filename.jpg
=	95 941 118 976	611 3110	filename.jpg
1	138 941 157 976	611 3110	filename.jpg
QTY	300 933 356 980	611 3110	filename.jpg
=	365 932 396 979	611 3110	filename.jpg
1	405 932 428 979	611 3110	filename.jpg
---	557 1001 584 1008	611 3110	filename.jpg
AMOUNT	13 1024 113 1093	611 3110	filename.jpg
DUE	127 1024 192 1092	611 3110	filename.jpg
20.00	496 1019 588 1088	611 3110	filename.jpg
PAYMENT	15 1141 141 1178	611 3110	filename.jpg
DESC	152 1140 229 1176	611 3110	filename.jpg
AMT	373 1138 428 1174	611 3110	filename.jpg
TENDERED	441 1137 587 1173	611 3110	filename.jpg
CASH	13 1225 84 1265	611 3110	filename.jpg
500.00	482 1224 588 1258	611 3110	filename.jpg
--	567 1281 588 1293	611 3110	filename.jpg
TOTAL	18 1316 102 1384	611 3110	filename.jpg
AMOUNT	115 1316 222 1384	611 3110	filename.jpg
PAID	236 1313 321 1384	611 3110	filename.jpg
500.00	486 1311 592 1378	611 3110	filename.jpg
CHANGE	16 1395 126 1434	611 3110	filename.jpg
480.00	485 1390 589 1426	611 3110	filename.jpg
----	528 1447 580 1459	611 3110	filename.jpg
SUBTOTAL	17 1474 163 1516	611 3110	filename.jpg
20.00	500 1469 591 1506	611 3110	filename.jpg
AMOUNT	19 1563 128 1599	611 3110	filename.jpg
OF	138 1562 181 1598	611 3110	filename.jpg
SALES	191 1561 287 1598	611 3110	filename.jpg
17.86	502 1557 591 1593	611 3110	filename.jpg
TOTAL	21 1604 106 1648	611 3110	filename.jpg
DISCOUNT	117 1602 275 1645	611 3110	filename.jpg
0.00	518 1601 592 1637	611 3110	filename.jpg
Vatable	20 1694 145 1730	611 3110	filename.jpg
17.86	506 1687 594 1725	611 3110	filename.jpg
VAT-Exempt	18 1738 200 1774	611 3110	filename.jpg
0.00	520 1731 596 1767	611 3110	filename.jpg
VAT	19 1780 76 1817	611 3110	filename.jpg
Zero-Rated	85 1781 273 1815	611 3110	filename.jpg
0.00	521 1774 595 1809	611 3110	filename.jpg
VAT	20 1819 72 1864	611 3110	filename.jpg
2.14	523 1815 598 1853	611 3110	filename.jpg
OTHER	19 1870 110 1904	611 3110	filename.jpg
TAX	127 1868 181 1903	611 3110	filename.jpg
+	198 1869 217 1903	611 3110	filename.jpg
0.00	523 1861 595 1897	611 3110	filename.jpg
DATE	23 1956 92 1991	611 3110	filename.jpg
TIME:	109 1955 204 1990	611 3110	filename.jpg
04-22-2023	212 1954 401 1988	611 3110	filename.jpg
11:45:07	417 1951 563 1987	611 3110	filename.jpg
S.I.	23 1998 98 2035	611 3110	filename.jpg
NO.	107 1998 170 2034	611 3110	filename.jpg
:	182 1997 204 2033	611 3110	filename.jpg
0010000406379	214 1997 453 2030	611 3110	filename.jpg
CASHIER:	22 2042 170 2078	611 3110	filename.jpg
111	183 2041 238 2078	611 3110	filename.jpg
TERMINAL:	368 2040 529 2072	611 3110	filename.jpg
001	538 2037 597 2072	611 3110	filename.jpg
CUST	23 2130 96 2165	611 3110	filename.jpg
NAME:	110 2129 198 2163	611 3110	filename.jpg
ADDRESS:	27 2174 163 2208	611 3110	filename.jpg
TIN#:	25 2217 109 2252	611 3110	filename.jpg
BUS	26 2260 81 2297	611 3110	filename.jpg
STYLE:	93 2260 200 2297	611 3110	filename.jpg
This	152 2345 224 2382	611 3110	filename.jpg
Serve	236 2345 333 2380	611 3110	filename.jpg
As	345 2343 386 2380	611 3110	filename.jpg
Your	401 2342 473 2379	611 3110	filename.jpg
Official	172 2388 320 2424	611 3110	filename.jpg
Receipt	327 2386 457 2424	611 3110	filename.jpg
California	47 2434 226 2470	611 3110	filename.jpg
Computer	237 2431 390 2468	611 3110	filename.jpg
Tech.	400 2429 500 2466	611 3110	filename.jpg
Inc.	511 2428 577 2464	611 3110	filename.jpg
1153	29 2478 102 2514	611 3110	filename.jpg
Benavidez	113 2477 282 2512	611 3110	filename.jpg
St.	292 2474 355 2511	611 3110	filename.jpg
Cor.	364 2474 444 2510	611 3110	filename.jpg
Luzon	453 2472 550 2509	611 3110	filename.jpg
St	561 2471 603 2509	611 3110	filename.jpg
Sta.Cruz	173 2520 318 2554	611 3110	filename.jpg
Manila	328 2518 442 2552	611 3110	filename.jpg
VAT	65 2565 121 2602	611 3110	filename.jpg
Reg.	131 2564 215 2601	611 3110	filename.jpg
TIN#233-241-770-000	225 2562 569 2593	611 3110	filename.jpg
S.A.#:	28 2608 125 2646	611 3110	filename.jpg
031-2332-41770-000173-5331	133 2607 601 2637	611 3110	filename.jpg
Date	101 2652 176 2688	611 3110	filename.jpg
Issued:	189 2651 322 2685	611 3110	filename.jpg
10/19/2005	335 2648 517 2684	611 3110	filename.jpg
Valid	104 2691 196 2735	611 3110	filename.jpg
Until:	204 2690 322 2733	611 3110	filename.jpg
07/31/2025	329 2688 522 2730	611 3110	filename.jpg
PTU:FP122017-074-0149382-00000	32 2739 571 2768	611 3110	filename.jpg
Date	32 2784 105 2820	611 3110	filename.jpg
Issued:	121 2782 253 2818	611 3110	filename.jpg
12	263 2779 303 2817	611 3110	filename.jpg
/	319 2778 342 2817	611 3110	filename.jpg
28	353 2777 395 2816	611 3110	filename.jpg
/	406 2776 428 2816	611 3110	filename.jpg
2017	444 2776 519 2815	611 3110	filename.jpg
Valid	34 2824 125 2864	611 3110	filename.jpg
Until:	133 2823 253 2862	611 3110	filename.jpg
07/31/2025	262 2822 449 2859	611 3110	filename.jpg

Toilo	190 463 300 502	802 2721	filename.jpg
Grace	314 463 418 503	802 2721	filename.jpg
Phorescy	429 463 586 503	802 2721	filename.jpg
[8)	7 515 68 557	802 2721	filename.jpg
Building	81 514 243 555	802 2721	filename.jpg
Jalandoni	254 513 434 552	802 2721	filename.jpg
Extension	445 512 628 549	802 2721	filename.jpg
Bolilao	642 510 781 546	802 2721	filename.jpg
Operated	50 563 206 606	802 2721	filename.jpg
by	218 563 263 605	802 2721	filename.jpg
Samuel	275 563 398 603	802 2721	filename.jpg
Drug	412 563 495 602	802 2721	filename.jpg
Corporation	506 563 726 600	802 2721	filename.jpg
Vat	83 617 147 657	802 2721	filename.jpg
Rog	156 615 224 656	802 2721	filename.jpg
TIN#	237 614 322 655	802 2721	filename.jpg
005-917-995-023-96)	333 613 701 651	802 2721	filename.jpg
POS01-SN:A#4766	242 665 533 702	802 2721	filename.jpg
MIN#16112910324696428	184 715 589 751	802 2721	filename.jpg
P.	14 822 56 856	802 2721	filename.jpg
A.	67 820 114 856	802 2721	filename.jpg
:	145 818 168 855	802 2721	filename.jpg
LORRY	181 817 285 855	802 2721	filename.jpg
MAE	296 815 360 855	802 2721	filename.jpg
ANTOLO	376 814 495 854	802 2721	filename.jpg
TUT	511 813 573 855	802 2721	filename.jpg
(ATL)	589 812 684 855	802 2721	filename.jpg
04/14/2023	16 920 209 955	802 2721	filename.jpg
13:54	224 917 326 955	802 2721	filename.jpg
APR	337 915 400 955	802 2721	filename.jpg
SI#01	413 915 536 954	802 2721	filename.jpg
003473	549 914 765 952	802 2721	filename.jpg
Disc	363 1016 438 1054	802 2721	filename.jpg
Price	451 1016 554 1053	802 2721	filename.jpg
10	36 1070 72 1109	802 2721	filename.jpg
104009	88 1070 207 1107	802 2721	filename.jpg
84.35	220 1069 322 1106	802 2721	filename.jpg
3.95	514 1066 591 1100	802 2721	filename.jpg
39.50	688 1064 785 1100	802 2721	filename.jpg
BIOGESIC	93 1120 248 1157	802 2721	filename.jpg
500MG	263 1119 364 1157	802 2721	filename.jpg
TAB	382 1118 442 1158	802 2721	filename.jpg
10	36 1170 72 1210	802 2721	filename.jpg
111037	89 1170 210 1207	802 2721	filename.jpg
04.75	224 1169 325 1205	802 2721	filename.jpg
4.75	515 1165 592 1203	802 2721	filename.jpg
47.50	691 1163 785 1202	802 2721	filename.jpg
MEFENAMIC	93 1221 268 1258	802 2721	filename.jpg
500MG-RM	284 1220 442 1257	802 2721	filename.jpg
10	38 1273 72 1312	802 2721	filename.jpg
436032	89 1272 210 1310	802 2721	filename.jpg
@2.65	224 1270 326 1308	802 2721	filename.jpg
2.65	515 1269 591 1306	802 2721	filename.jpg
26.50	689 1266 784 1303	802 2721	filename.jpg
Cetirizina10Tab-Garc	92 1323 480 1360	802 2721	filename.jpg
1	55 1371 77 1414	802 2721	filename.jpg
519177	89 1371 214 1411	802 2721	filename.jpg
@13.65	223 1372 349 1412	802 2721	filename.jpg
13.65	497 1369 594 1406	802 2721	filename.jpg
13.65	690 1367 787 1403	802 2721	filename.jpg
HELLO	93 1423 192 1460	802 2721	filename.jpg
B/T	206 1421 274 1460	802 2721	filename.jpg
2PLY	285 1421 368 1460	802 2721	filename.jpg
15	385 1421 424 1461	802 2721	filename.jpg
31	40 1522 79 1565	802 2721	filename.jpg
Item(s)	94 1523 234 1564	802 2721	filename.jpg
TOTAL	98 1674 193 1711	802 2721	filename.jpg
AMOUNT	209 1674 332 1709	802 2721	filename.jpg
AMOUNT	101 1773 217 1812	802 2721	filename.jpg
TENDERED	235 1773 391 1810	802 2721	filename.jpg
CASH	99 1825 176 1861	802 2721	filename.jpg
TOTAL	104 1923 197 1961	802 2721	filename.jpg
PAYMENT	210 1923 353 1961	802 2721	filename.jpg
500.00	678 1918 791 1955	802 2721	filename.jpg
CHANGE	98 1972 218 2012	802 2721	filename.jpg
WTable	104 2074 241 2113	802 2721	filename.jpg
113.53	678 2070 794 2107	802 2721	filename.jpg
127.15	560 1667 770 1709	802 2721	filename.jpg
500.00	677 1819 791 1855	802 2721	filename.jpg
372.95	564 1968 774 2006	802 2721	filename.jpg
0.00	714 2121 794 2155	802 2721	filename.jpg
VAT-Exempt	104 2124 296 2166	802 2721	filename.jpg
0.00	719 2170 792 2207	802 2721	filename.jpg
VAT	105 2176 165 2215	802 2721	filename.jpg
Zoro-Rated	176 2176 376 2215	802 2721	filename.jpg
13.62	700 2224 795 2258	802 2721	filename.jpg

JD	157 300 206 367	721 2413	filename.jpg
BAKERY	219 298 367 365	721 2413	filename.jpg
CAFE	381 296 488 364	721 2413	filename.jpg
DD	206 385 244 422	721 2413	filename.jpg
FOODS	256 384 360 423	721 2413	filename.jpg
INC.	375 380 445 421	721 2413	filename.jpg
E.	53 432 94 472	721 2413	filename.jpg
LOPEZ	101 432 205 472	721 2413	filename.jpg
ST.	218 432 285 472	721 2413	filename.jpg
JARO	296 432 378 471	721 2413	filename.jpg
ILOILO	394 431 513 470	721 2413	filename.jpg
CITY	526 431 610 470	721 2413	filename.jpg
VAT	51 483 111 521	721 2413	filename.jpg
REG	123 482 186 521	721 2413	filename.jpg
TIN:	203 481 285 521	721 2413	filename.jpg
004-865-972-0003	297 481 609 521	721 2413	filename.jpg
SERIAL	91 533 203 571	721 2413	filename.jpg
No.	218 531 284 571	721 2413	filename.jpg
PTM430291230003	296 531 589 569	721 2413	filename.jpg
MIN:	128 584 209 623	721 2413	filename.jpg
19102815415764898	220 583 551 621	721 2413	filename.jpg
NE	2 682 51 751	721 2413	filename.jpg
IN	65 682 121 751	721 2413	filename.jpg
CUST	412 685 508 750	721 2413	filename.jpg
NO:	520 683 603 748	721 2413	filename.jpg
0	615 681 654 747	721 2413	filename.jpg
00514531	0 821 146 859	721 2413	filename.jpg
1	162 821 184 860	721 2413	filename.jpg
WALK-IN	217 821 356 859	721 2413	filename.jpg
r:	12 873 51 909	721 2413	filename.jpg
ELLA	67 873 146 908	721 2413	filename.jpg
04/20/2023	299 869 491 910	721 2413	filename.jpg
07:29:39	507 868 668 909	721 2413	filename.jpg
PM	677 868 718 908	721 2413	filename.jpg
Description(s)	29 972 300 1016	721 2413	filename.jpg
----------	107 1032 289 1049	721 2413	filename.jpg
Price	623 971 719 1009	721 2413	filename.jpg
PCS	29 1122 89 1160	721 2413	filename.jpg
SOFT	103 1122 187 1160	721 2413	filename.jpg
ENSAYMADA	201 1122 378 1159	721 2413	filename.jpg
23.00	625 1122 717 1157	721 2413	filename.jpg
Sub-Total	28 1222 207 1261	721 2413	filename.jpg
23.00	629 1222 719 1256	721 2413	filename.jpg
-VAT	30 1270 94 1313	721 2413	filename.jpg
(2.46)/20%SCD(4.11)	103 1269 474 1316	721 2413	filename.jpg
-1.00	207 1319 302 1365	721 2413	filename.jpg
item(s)	314 1319 443 1366	721 2413	filename.jpg
--	452 1319 498 1364	721 2413	filename.jpg
-6.57	628 1269 719 1307	721 2413	filename.jpg
TOTAL	70 1369 165 1407	721 2413	filename.jpg
16.43	624 1369 721 1406	721 2413	filename.jpg
Tendered:	34 1423 201 1460	721 2413	filename.jpg
CASH	27 1469 105 1506	721 2413	filename.jpg
20.00	624 1470 719 1506	721 2413	filename.jpg
Change:	28 1523 162 1562	721 2413	filename.jpg
3.57	646 1520 720 1557	721 2413	filename.jpg
ABLE/VAT	9 1623 167 1662	721 2413	filename.jpg
SALE	180 1623 263 1662	721 2413	filename.jpg
0.00	646 1622 718 1660	721 2413	filename.jpg
-EXEMPT	6 1675 145 1712	721 2413	filename.jpg
SALE	161 1674 241 1712	721 2413	filename.jpg
0.00	643 1675 721 1711	721 2413	filename.jpg
ZERO-RATED	27 1726 223 1765	721 2413	filename.jpg
SALE	236 1724 320 1764	721 2413	filename.jpg
16.43	624 1724 719 1762	721 2413	filename.jpg
AL	12 1775 47 1813	721 2413	filename.jpg
SALE	63 1775 145 1814	721 2413	filename.jpg
16.43	627 1775 719 1808	721 2413	filename.jpg
VAT	25 1824 87 1861	721 2413	filename.jpg
0.00	644 1823 719 1860	721 2413	filename.jpg
---------	559 1887 707 1898	721 2413	filename.jpg
----	0 1888 57 1901	721 2413	filename.jpg
tomer	11 1927 108 1962	721 2413	filename.jpg
:	182 1924 203 1962	721 2413	filename.jpg
ELLAN	218 1924 318 1963	721 2413	filename.jpg
FLORES	331 1923 453 1961	721 2413	filename.jpg
A/PWD	9 1974 106 2011	721 2413	filename.jpg
IDN:	121 1973 204 2011	721 2413	filename.jpg
610	219 1973 277 2011	721 2413	filename.jpg
PWD	8 2025 70 2061	721 2413	filename.jpg
TIN	88 2023 144 2062	721 2413	filename.jpg
nature	8 2081 124 2112	721 2413	filename.jpg
-	224 2056 232 2070	721 2413	filename.jpg
-----------	232 2105 420 2117	721 2413	filename.jpg
--	568 2105 594 2116	721 2413	filename.jpg

