VIVOPAC	14 42 212 61
MARKETING	212 42 466 61
SDN	466 42 551 61
BHD	551 42 636 61
(1070687-M)	637 42 935 61
14	24 67 78 80
JALAN	78 67 216 80
MANIS	216 67 353 80
4	353 67 381 80
TAMAN	381 67 518 80
SEGAR	518 67 655 80
56100	655 67 792 80
KL	792 67 847 80
TEL:	20 83 112 97
03-91334364	112 83 364 97
FAX:	417 84 511 99
03-91310522	511 84 768 99
WWW.VIVOPAC.COM	13 110 362 122
GST	18 131 93 144
REG:	93 131 194 144
000565805056	194 131 497 144
TAX	17 160 109 173
INVOICE	109 160 328 173
DOC	24 305 106 317
#	106 305 133 317
:	133 305 161 317
CS21539777	257 304 479 316
DATE	21 322 113 333
:	113 322 136 333
30/05/2017	257 321 457 333
10:18:02	457 321 648 333
AM	648 321 695 333
PROMOTER	21 339 187 350
:	187 339 208 350
TERMINAL	24 356 179 367
:	179 356 199 367
T02	255 355 334 368
CASHIER	455 356 592 369
:	592 356 612 369
ME	695 356 750 369
DESCRIPTION	21 392 270 404
PRICE	421 393 535 404
DISC	567 394 639 406
AMOUNT	717 394 875 405
TAX	875 394 954 405
QTY	72 411 157 423
RM	477 411 537 422
RM	803 412 860 423
CODE	883 408 986 421
9	20 437 48 449
X	48 437 75 449
13	75 437 131 449
(10A)	131 437 273 449
1.00	84 454 178 464
PKT	178 454 249 464
*	282 456 310 463
0.7500	414 454 540 466
0.75	781 454 866 467
SR	903 456 954 466
26	26 477 81 489
X	81 477 108 489
33	108 477 163 489
(85HT)	163 477 330 489
RED	330 477 414 489
1.00	89 494 176 505
PKT	176 494 241 505
*	282 496 318 502
8.0000	411 494 544 506
8.00	781 496 870 506
SR	909 496 957 507
24	26 517 81 530
X	81 517 108 530
28	108 517 163 530
(75HT)	163 517 328 530
RED	328 517 410 530
1.00	86 535 180 547
PKT	180 535 250 547
*	286 536 307 543
6.0000	415 537 541 548
6.00	786 535 869 547
SR	907 537 962 549
PRICE	21 558 133 571
LABEL	133 558 245 571
(PLAIN)	245 558 403 571
2.00	81 575 175 588
ROLL	175 575 268 588
*	284 577 314 585
1.5000	421 576 543 587
3.00	787 577 870 588
SR	905 578 956 588
ITEM	18 610 125 622
COUNT:	125 610 287 622
4	287 610 313 622
ITEM	516 610 625 627
QTY:	625 610 735 627
5.00	735 610 845 627
SUB	60 675 122 688
TOTAL	122 675 226 688
(EXCLUSIVE	226 675 434 688
GST):	434 675 538 688
17.75	772 676 877 688
GST	360 696 447 707
6%	447 696 504 707
:	504 696 533 707
1.07	796 696 875 708
ROUNDING	262 717 427 729
ADJ.	427 717 510 729
:	510 717 530 729
-0.02	774 717 872 731
ROUNDED	57 741 252 754
TOTAL	252 741 392 754
(RM):	392 741 532 754
18.80	748 741 883 753
CASH	74 770 157 783
20.00	775 770 881 783
CASH	66 788 157 803
CHANGE	157 788 296 803
1.20	798 790 876 801
GST	24 818 96 833
SUMMARY	96 818 264 833
AMOUNT(RM)	381 821 602 834
TAX(RM)	715 821 866 834
SR	14 843 88 856
@	88 843 124 856
6	124 843 161 856
%	161 843 197 856
17.75	477 844 585 855
1.07	790 845 868 854
TERMS	65 875 168 888
&	168 875 188 888
CONDITIONS	188 875 395 888
GOODS	65 890 165 902
SOLD	165 890 247 902
ARE	247 890 307 902
NOT	307 890 368 902
REFUNDABLE	368 890 570 902
WITH	570 890 652 902
CASH.	652 890 752 902
FOR	69 902 129 915
EXCHANGE	129 902 288 915
OF	288 902 327 915
GOODS	327 902 426 915
SOLD	426 902 505 915
THE	505 902 565 915
FOLLOWING	565 902 744 915
APPLY:	744 902 863 915
1.	69 916 108 928
THE	108 916 167 928
ORIGINAL	167 916 324 928
RECEIPT	324 916 462 928
MUST	462 916 541 928
BE	541 916 580 928
PRESENTED	580 916 757 928
2.	72 931 113 943
EXCHANGE	113 931 278 943
IS	278 931 319 943
DONE	319 931 401 943
WITHIN	401 931 525 943
7	525 931 545 943
DAYS	545 931 628 943
FROM	628 931 710 943
DATE	710 931 792 943
OF	792 931 834 943
RECEIPT	834 931 978 943
2.	74 944 112 957
IN	112 944 149 957
GOOD	149 944 225 957
CONDITION	225 944 395 957
AND	395 944 451 957
IN	451 944 489 957
IT'S	489 944 565 957
ORIGINAL	565 944 716 957
PAKCING	716 944 848 957

GUARDIAN	57 148 268 165
HEALTH	268 148 425 165
AND	425 148 502 165
BEAUTY	502 148 659 165
SDN	659 148 737 165
BHD	737 148 815 165
JALAN	51 166 182 183
LOKE	182 166 288 183
YEW	288 166 365 183
BENTONG	365 166 550 183
90	53 184 105 201
GROUND	105 184 264 201
FLOOR	264 184 395 201
JALAN	49 201 177 218
BENTONG	177 201 354 218
TEL:09-222	53 219 304 235
6498	304 219 404 235
COMPANY	49 236 227 253
REG	227 236 303 253
#1101083-T	303 236 556 253
GST	49 253 125 271
REG	125 253 201 271
#000899874816	201 253 534 271
RM	722 290 774 305
121093307	57 306 295 324
G	295 306 321 324
BX	321 306 373 324
TISSU	373 306 504 324
4X150	504 306 635 324
6.88	789 307 887 323
S	922 307 961 322
2X	53 325 109 341
6.88	109 325 219 341
121087265	51 342 295 359
HK	295 342 349 359
BX	349 342 402 359
TISS	402 342 512 359
PO4	512 342 593 359
^	682 343 707 349
13.76	765 342 892 359
S	920 343 955 359
121095623	57 360 284 377
GDN	284 360 360 377
CMINT	360 360 486 377
H/WASHP3	486 360 687 377
12.90	768 361 889 377
S	920 360 955 377
121096057	53 378 282 395
GDN	282 378 358 395
KTCH	358 378 460 395
LILY500ML	460 378 689 395
6.90	791 378 887 395
S	920 379 957 394
PWP121096057	53 396 329 413
2.07-	789 396 907 412
SUBTOTAL	142 413 329 430
38.37	767 413 889 429
TOTAL	51 447 181 465
(GST	181 447 284 465
INCL)	284 447 414 465
38.37	765 448 889 465
CASH	51 466 153 483
40.35	767 466 892 482
ROUNDING	49 484 245 501
ADJUSTMENTS	245 484 515 501
0.02-	789 484 914 500
CHANGE	49 501 207 518
DUE	207 501 284 518
2.00	787 501 887 517
YOUR	51 536 157 552
SAVINGS	157 536 340 552
FOR	340 536 417 552
TODAY	417 536 548 552
7.53	787 537 890 552
GST	48 572 136 588
-	136 572 166 588
RATE	166 572 284 588
GST	414 571 491 588
EXCL	491 571 595 588
GST	674 572 757 588
AMT	757 572 841 588
S	51 591 88 606
6%	212 591 266 606
36.20	456 590 576 606
2.17	678 590 774 606
^	48 607 75 624
PROMO	75 607 214 624
PRICE	214 607 353 624
ITEMS	353 607 491 624
THANK	255 641 391 658
YOU	391 641 473 658
FOR	473 641 554 658
SHOPPING	554 641 772 658
AT	362 659 415 676
GUARDIAN	415 659 630 676
ALL	255 676 340 693
AMOUNTS	340 676 539 693
ARE	539 676 624 693
IN	624 676 680 693
RM	680 676 735 693
GOODS	155 694 282 712
SOLD	282 694 384 712
ARE	384 694 460 712
NON-REFUNDABLE.	460 694 842 712
DISPENSED	186 711 415 728
MEDICINES	415 711 645 728
SOLD	645 711 746 728
ARE	746 711 822 728
NOT	316 729 391 746
RETURNABLE.	391 729 669 746
ALL	90 746 168 763
EXCHANGES	168 746 401 763
AND	401 746 478 763
RETURNS	478 746 659 763
INCLUDING	659 746 892 763
GUARDIAN	92 764 306 781
BRAND	306 764 441 781
PRODUCTS	441 764 656 781
MUST	656 764 763 781
BE	763 764 817 781
MADE	817 764 924 781
WITHIN	38 781 197 799
7DAYS	197 781 329 799
WITH	329 781 434 799
ORIGINAL	434 781 645 799
RECEIPTS	645 781 855 799
AND	855 781 935 799
PRODUCT	162 799 340 816
IN	340 799 390 816
ORIGINAL	390 799 591 816
CONDITION.	591 799 844 816
ST:8303	112 817 290 834
CTR2	290 817 391 834
ID:3000	391 817 569 834
TAXINV:14072	569 817 876 834
16:58	303 835 425 851
19/05/18	523 834 711 851
^	676 307 711 315

KFA	372 113 454 140
SUPPLY	454 113 619 140
(	305 145 328 173
ROC	328 145 397 173
:	397 145 419 173
SA0416111-K	419 145 671 173
)	671 145 694 173
(	271 175 292 205
GST	292 175 359 205
NO:	359 175 426 205
002126950400	426 175 697 205
)	697 175 718 205
125A	55 212 160 239
TINGKAT	160 212 343 239
BAWAH	343 212 473 239
PT	473 212 526 239
1961	526 212 630 239
JALAN	630 212 761 239
MALINJA	761 212 944 239
SITE	151 242 253 268
B	253 242 277 268
45400	277 242 405 268
SEKINCHAN	405 242 633 268
SELANGOR	633 242 838 268
TAX	271 309 385 341
INVOICE	385 309 655 341
BILL	78 357 171 382
NO	171 357 217 382
:	271 355 299 382
CS0032277	299 355 555 382
DATE	75 390 168 415
:	271 391 315 416
27/05/2018	315 391 537 416
8:07	537 391 655 416
PM	655 391 714 416
CASHIER	78 419 222 446
:	274 424 299 448
CT001	299 424 428 448
/	428 424 452 448
0001	452 424 555 448
ITEM	80 464 168 490
QTY	411 467 483 493
PRICE	539 464 635 491
AMOUNT	668 467 815 491
STAR	76 502 171 528
74CM	171 502 266 528
X79CM	266 502 385 528
10KEPING	385 502 576 528
9555794100234	81 531 374 556
1	465 534 490 555
11.60	537 533 645 557
11.60	705 532 812 558
SR	812 532 875 558
QTY	75 566 151 592
:	151 566 176 592
1	176 566 200 592
TOTAL	339 568 478 594
RM	478 568 534 594
CASH	338 603 464 628
CHANGE	343 644 485 673
:	578 573 596 590
:	580 609 593 627
:	580 649 594 668
11.60	704 571 808 596
12.00	705 605 807 629
0.40	723 648 805 670
GST	71 709 145 736
SUMMARY	145 709 320 736
SR	75 750 143 776
@	143 750 178 776
6%	178 750 246 776
TOTAL	73 788 155 811
AMOUNT	501 710 638 737
10.94	558 754 661 776
10.94	558 788 656 811
TAX	710 710 776 735
0.66	722 753 808 776
0.66	717 788 805 814
THANK	339 832 504 859
YOU	504 832 602 859
PLEASE	240 858 423 886
COME	423 858 544 886
AGAIN	544 858 696 886

IKANO	303 76 412 94
HANDEL	412 76 542 94
SDN	542 76 606 94
BHD	606 76 670 94
(1074617K)	395 93 578 114
IKEA	278 127 441 151
CHERAS	441 127 686 151
NO	296 148 340 169
2A	340 148 385 169
JALAN	385 148 495 169
COCHRANE	495 148 674 169
TAMAN	369 167 473 187
MALURI	473 167 598 187
55100	314 185 420 205
KUALA	420 185 527 205
LUMPUR	527 185 655 205
GST	298 203 359 226
NO.:	359 203 441 226
000115154944	441 203 689 226
TAX	382 241 448 276
INVOICE	448 241 600 276
SLIP:	128 295 231 314
0000000011000136498	231 295 623 314
DATE:	536 314 651 334
27/07/17	651 314 805 334
TIME:	537 332 658 352
1:12	658 332 754 352
TRANS:	125 348 246 371
311136194	246 348 429 371
STAFF:	540 349 652 372
95837	760 350 857 370
DESCRIPTION	123 385 343 409
AMOUNT	666 388 801 408
TX	801 388 845 408
50346155	125 441 294 460
BOSTRAK	294 441 441 460
WRD	441 441 505 460
80X50X18	505 441 674 460
2	180 460 204 480
PC	204 460 254 480
@	254 460 278 480
269.00	278 460 429 480
538.00	668 460 795 482
SRS	795 460 879 482
TOTAL	123 513 236 534
RM	236 513 281 534
INCLUDING	281 513 486 534
GST	486 513 553 534
6%	553 513 599 534
538.00	661 514 786 535
ROUNDING	120 532 289 553
ADJ.	289 532 373 553
0.00	699 534 791 553
TOTAL	125 550 229 572
ROUNDED	229 550 375 572
538.00	665 552 785 572
VISA	125 588 206 608
-	650 589 669 609
538.00	669 589 785 609
GST	123 641 190 661
SR	215 641 264 661
6%	367 641 414 661
538.00	495 644 619 664
30.45	684 643 784 663
AMT.	132 663 218 681
EXCL.	218 663 325 681
GST	325 663 390 681
507.55	665 661 783 681
NO.	126 696 195 719
OF	195 696 240 719
ITEMS	240 696 355 719
2	760 700 785 718
THANK	221 768 328 791
YOU.	328 768 413 791
PLEASE	413 768 542 791
COME	542 768 627 791
AGAIN.	627 768 756 791
*T3620000011000136498*	227 903 781 923

TAN	215 43 372 83
WOON	372 43 580 83
YANN	580 43 789 83
YONGFATT	197 112 473 140
ENTERPRISE	473 112 818 140
(JM0517726)	383 144 627 163
NO	233 170 284 188
122.124	284 170 466 188
JALAN	466 170 594 188
DEDAP	594 170 721 188
13	721 170 773 188
81100	304 193 439 208
JOHOR	439 193 573 208
BAHRU	573 193 708 208
TEL	352 231 421 250
07-3523888	421 231 659 250
GST	302 265 369 283
ID:	369 265 437 283
000849813504	437 265 713 283
SIMPLIFIED	251 291 515 311
TAX	515 291 594 311
INVOICE	594 291 778 311
CASH	40 332 147 350
DOC	42 361 121 378
NO	121 361 172 378
CS00031663	316 354 562 376
DATE	618 358 699 377
25/12/2018	737 358 930 376
CASHIER	40 388 177 406
USER	320 387 428 403
TIME	618 384 701 402
12	748 386 793 403
31	793 386 838 403
00	838 386 883 403
SALESPERSON	42 413 255 433
REF.	616 412 686 431
ITEM	44 462 118 477
QTY	381 460 441 481
S/PRICE	520 457 643 477
AMOUNT	701 461 847 476
TAX	892 461 955 477
E8318	47 486 154 503
1	385 481 434 500
80.91	524 483 641 502
80.91	735 481 852 505
SR	885 483 959 503
ELEGANT	47 511 239 528
SCHTR	239 511 376 528
BAG	376 511 459 528
15	459 511 513 528
TOTAL	145 535 239 555
QTY	239 535 295 555
1	392 535 430 551
80.91	737 535 852 555
TOTAL	147 574 246 591
SALES	246 574 345 591
(EXCLUDING	345 574 544 591
GST)	544 574 623 591
:	623 574 641 591
80.91	748 574 840 591
DISCOUNT	464 602 627 618
:	627 602 647 618
0.00	766 602 845 618
TOTAL	443 630 558 648
GST	558 630 625 648
:	625 630 647 648
0.00	753 628 863 651
ROUNDING	452 661 612 680
-0.01	746 658 865 680
TOTAL	73 692 179 711
SALES	179 692 284 711
(INCLUSIVE	284 692 497 711
OF	497 692 540 711
GST)	540 692 625 711
:	625 692 645 711
80.90	742 687 858 709
CASH	508 723 625 742
:	625 723 654 742
100.00	730 725 845 740
CHANGE	473 749 623 769
:	623 749 647 769
19.10	751 750 847 767
GST	112 802 204 818
SUMMARY	204 802 417 818
TAX	123 834 197 851
CODE	197 834 295 851
%	390 835 421 852
AMT	511 834 582 853
(RM)	582 834 677 853
TAX	748 833 816 852
(RM)	816 833 905 852
SR	123 857 179 875
0	376 855 428 874
80.91	578 856 674 874
0.00	831 857 910 872
TOTAL	313 885 437 912
:	437 885 461 912
80.91	573 888 674 907
0.00	831 891 908 908
GOODS	159 942 280 956
SOLD	280 942 376 956
ARE	376 942 448 956
NOT	448 942 520 956
REFUNDABLE	520 942 762 956
ONLY	762 942 858 956

GUARDIAN	14 152 242 168
HEALTH	242 152 413 168
AND	413 152 497 168
BEAUTY	497 152 668 168
SDN	668 152 753 168
BHD	753 152 837 168
BANDAR	14 170 180 188
BARU	180 170 291 188
RAWANG	291 170 457 188
NO	10 191 70 207
15	70 191 130 207
JALAN	130 191 281 207
BANDAR	281 191 461 207
RAWANG	461 191 642 207
10	642 191 702 207
BANDAR	10 210 180 226
BARU	180 210 293 226
RAWANG	293 210 463 226
TEL:03-60932032	12 229 385 245
COMPANY	8 247 200 264
REG	200 247 283 264
#1101083-1	283 247 558 264
GST	12 266 92 284
REG	92 266 172 284
#000899874816	172 266 528 284
121056217	16 325 253 341
PRINGLES	253 325 463 341
SUUR/CR	463 325 648 341
RM	738 305 799 322
SUBTOTAL	110 343 309 360
DISCOUNTABLE	110 363 411 381
6%	10 384 74 401
TRX	74 384 172 401
%	172 384 204 401
DISC	204 384 335 401
REASON:	38 402 212 420
SUBTOTAL	108 421 311 438
ROUNDING	12 461 220 478
ADJUSTMENTS	220 461 508 478
TOTAL	16 479 156 497
(GST	156 479 269 497
INCL)	269 479 409 497
CASH	12 500 132 517
4.80	811 325 955 340
S	955 325 991 340
4.80	811 344 919 360
4.80	548 363 654 380
0.29-	809 383 939 401
4.51	811 422 915 438
0.01-	813 460 941 478
4.50	811 481 921 496
4.50	809 500 921 517
0.29	813 538 917 556
YOUR	14 539 126 556
SAVINGS	126 539 323 556
FOR	323 539 407 556
TODAY	407 539 548 556
GST	10 557 98 574
S	10 577 52 594
6%	184 578 242 595
4.25	475 577 582 595
0.26	684 577 797 594
THANK	226 615 369 633
YOU	369 615 453 633
FOR	453 615 538 633
SHOPPING	538 615 767 633
AT	351 636 405 652
GUARDIAN	405 636 626 652
ALL	228 656 319 672
AMOUNTS	319 656 534 672
ARE	534 656 624 672
IN	624 656 684 672
RM	684 656 744 672
GOODS	134 673 269 692
SOLD	269 673 375 692
ARE	375 673 455 692
NON-REFUNDABLE.	455 673 859 692
DISPENSED	158 694 405 710
MEDICINES	405 694 652 710
SOLD	652 694 763 710
ARE	763 694 845 710
NOT	297 713 379 731
RETURNABLE.	379 713 686 731
ALL	60 734 142 750
EXCHANGES	142 734 391 750
AND	391 734 473 750
RETURNS	473 734 666 750
INCLUDING	666 734 915 750
GUARDIAN	60 752 287 770
BRAND	287 752 427 770
PRODUCTS	427 752 654 770
MUST	654 752 767 770
BE	767 752 823 770
MADE	823 752 935 770
WITHIN	12 773 180 789
7DAYS	180 773 321 789
WITH	321 773 433 789
ORIGINAL	433 773 658 789
RECEIPTS	658 773 883 789
AND	883 773 967 789
PRODUCT	132 792 321 809
IN	321 792 373 809
ORIGINAL	373 792 588 809
CONDITION.	588 792 857 809
ST:8282	80 811 267 828
STR2	267 811 373 828
ID:2065	373 811 560 828
TAXINV:98701	560 811 881 828
18:15	283 832 411 847
8	329 402 361 420
RATE	156 558 265 575
GST	405 557 489 575
EXCL	489 557 602 575
GST	692 557 781 574
AMT	781 557 869 574
24/05/18	522 831 728 847

RESTORAN	93 19 411 59
HASSANBISTRO	411 19 886 59
NO.2-1-1	215 60 391 81
JALAN	391 60 501 81
SETIA	501 60 610 81
PRIMA	610 60 720 81
Q	720 60 741 81
U	265 87 287 108
13/Q	287 87 378 108
SETIA	378 87 493 108
ALAM	493 87 584 108
40170	584 87 699 108
SHAM	403 113 489 134
ALAM	489 113 575 134
SELANGOR	402 139 557 159
TAX	381 191 449 212
INVOICE	449 191 607 212
TERMINAL	97 243 285 263
:	285 243 309 263
C1	309 243 356 263
2017-12-28	330 949 532 980
22:17PM	532 949 674 980
THANK	293 921 408 955
YOU.COME	408 921 591 955
AGAIN	591 921 706 955
CASHIER	97 270 240 290
:	281 268 304 290
HASSAN	304 268 441 290
0.00	819 889 906 918
BILL	96 295 191 315
NO	191 295 238 315
:	280 293 301 316
C1-0170778	301 293 522 316
RM	654 879 701 902
DATE	97 321 182 341
:	281 321 322 346
12/28/2017	322 321 526 346
10:17:32	526 321 721 346
PM	721 321 770 346
CHANGE	266 868 392 891
TOKEN	99 346 202 368
:	280 346 304 367
CT1	304 346 375 367
15.00	801 860 906 889
TABLE	99 371 201 393
:	281 372 305 393
CT1	305 372 375 393
RM	652 851 698 874
PR	99 424 139 444
QTY	319 423 382 446
U.PRICE	413 424 549 447
GST	601 427 661 449
TOTAL	754 431 851 457
MAKANAN	99 477 232 497
1	343 502 360 522
15.00	437 502 532 524
0	640 508 665 527
15.00	738 510 834 540
ZR	834 510 891 540
TOTAL	101 553 203 575
ITEMS	203 553 305 575
=	342 557 365 569
1.00	419 554 496 575
TOTAL	104 579 210 602
QTY	210 579 272 602
=	342 584 368 594
1.00	417 580 494 602
SUB	274 631 336 652
TOTAL	336 631 441 652
RM	669 640 712 661
15.00	806 646 899 673
DISCOUNT	274 659 429 679
RM	668 666 712 687
0.00	819 674 900 701
TOTAL	263 711 379 737
EXCL	379 711 472 737
.6%	472 711 541 737
GST	541 711 610 737
RM	650 718 695 742
15.00	798 726 902 755
GST	263 737 338 758
6%	338 737 387 758
RM	651 745 697 768
0.00	815 754 900 781
TOTAL	265 763 381 790
INCL	381 763 473 790
.6%	473 763 543 790
GST	543 763 612 790
RM	651 772 697 795
15.00	798 779 903 809
ROUNDING	265 790 432 813
RM	651 798 697 821
0.00	817 808 904 836
CASH	267 842 352 864
T	212 426 231 444

SYARIKAT	90 102 373 126
PERNIAGAAN	373 102 727 126
GIN	727 102 833 126
KEE	833 102 939 126
(81109-A)	420 130 613 152
NO	267 151 317 174
290.	317 151 418 174
JALAN	418 151 544 174
AIR	544 151 619 174
PANAS.	619 151 771 174
SETAPAK.	418 174 608 194
53200.	290 199 438 221
KUALA	438 199 560 221
LUMPUR.	560 199 732 221
TEL	343 220 411 241
:	411 220 433 241
03-40210276	433 220 684 241
GST	301 251 373 271
ID:	373 251 445 271
000750673920	445 251 735 271
SIMPLIFIED	259 274 515 294
TAX	515 274 590 294
INVOICE	590 274 769 294
CASH	43 311 164 330
DOC	40 336 114 360
NO.	114 336 189 360
:	286 341 309 361
CS00013254	309 341 552 361
DATE:	620 337 739 358
12/02/2018	739 337 935 358
CASHIER	33 365 186 382
:	282 359 313 382
USER	313 359 440 382
TIME:	615 359 724 382
15:29:00	724 359 900 382
SALESPERSON	45 387 290 409
:	290 387 313 409
REF.:	610 386 723 405
ITEM	31 428 129 451
QTY	374 431 448 450
S/PRICE	516 429 652 448
AMOUNT	692 431 859 449
TAX	882 429 968 448
1921	47 453 136 472
1	395 453 435 473
5.30	544 454 637 474
5.30	761 452 859 472
SR	895 452 966 472
NAIL	45 477 141 497
(PER/PACK)	141 477 381 497
-	381 477 404 497
RM5	404 477 476 497
TOTAL	140 504 241 525
QTY:	241 504 323 525
1	393 503 429 519
5.30	771 503 855 521
TOTAL	146 537 248 558
SALES	248 537 351 558
(EXCLUDING	351 537 556 558
GST)	556 537 637 558
:	637 537 657 558
5.00	759 538 849 555
DISCOUNT	460 561 644 582
:	644 561 666 582
0.00	761 564 849 581
TOTAL	439 589 561 610
GST	561 589 635 610
:	635 589 659 610
0.30	761 588 849 607
ROUNDING	451 615 633 638
:	633 615 655 638
0.00	763 617 847 634
TOTAL	64 646 175 668
SALES	175 646 285 668
(INCLUSIVE	285 646 506 668
OF	506 646 549 668
GST)	549 646 637 668
:	637 646 658 668
CASH	496 676 630 695
:	630 676 664 695
CHANGE	468 700 635 722
:	635 700 663 722
5.30	765 645 847 666
5.30	763 675 847 691
0.00	768 699 851 720
GST	109 746 204 766
SUMMARY	204 746 425 766
TAX	112 775 193 795
CODE	193 775 302 795
%	382 777 425 796
AMT	506 777 583 796
(RM)	583 777 686 796
TAX	740 776 814 795
(RM)	814 776 915 795
SR	125 797 186 819
6	386 798 432 815
5.00	594 798 696 816
0.30	823 800 917 818
TOTAL	322 826 439 850
:	439 826 462 850
5.00	591 828 687 846
0.30	826 827 911 846
GOODS	102 875 218 897
SOLD	218 875 311 897
ARE	311 875 380 897
NOT	380 875 449 897
RETURNABLE.	449 875 704 897
THANK	704 875 820 897
YOU.	820 875 913 897

IKANO	299 70 408 88
HANDEL	408 70 538 88
SDN	538 70 604 88
BHD	604 70 669 88
(1074617K)	391 88 576 110
IKEA	281 123 442 144
CHERAS	442 123 683 144
NO	295 142 339 161
2A	339 142 383 161
JALAN	383 142 493 161
COCHRANE	493 142 668 161
TAMAN	370 159 473 179
MALURI	473 159 597 179
55100	313 178 419 197
KUALA	419 178 525 197
LUMPUR	525 178 653 197
GST	291 195 354 216
NO.:	354 195 437 216
000115154944	437 195 687 216
TAX	386 232 449 267
INVOICE	449 232 599 267
SLIP:	130 283 231 302
0000000011000140428	231 283 617 302
DATE:	530 302 644 321
09/08/17	644 302 797 321
TIME:	532 321 650 339
1:06	650 321 744 339
TRANS:	131 337 251 358
311140123	251 337 429 358
STAFF:	532 337 650 356
96728	753 337 856 357
DESCRIPTION	136 372 335 391
AMOUNT	664 373 795 394
TX	795 373 839 394
30169728	129 425 295 446
BAGIS	295 425 399 446
COAT-HANGER	399 425 629 446
CH	629 425 670 446
2	179 444 205 463
PC	205 444 258 463
@	258 444 284 463
4.90	284 444 391 463
9.80	698 444 798 465
SRM	798 444 873 465
70350938	130 478 296 498
TEODORES	296 478 463 498
CH	463 478 504 498
90.00	683 480 801 498
SR	801 480 848 498
S	848 480 871 498
TOTAL	130 532 240 552
RM	240 532 284 552
INCLUDING	284 532 483 552
GST	483 532 550 552
6%	550 532 593 552
99.80	684 534 777 551
ROUNDING	130 551 286 570
ADJ.	286 551 364 570
0.00	697 551 779 569
TOTAL	131 567 233 587
ROUNDED	233 567 375 587
99.80	683 568 782 587
MASTERCARD	130 607 319 623
-	666 604 685 624
99.80	685 604 782 624
GST	133 657 192 675
SR	220 655 268 675
6%	365 657 417 675
99.80	518 657 616 675
5.64	695 657 777 675
AMT.	126 674 214 695
EXCL.	214 674 325 695
GST	325 674 391 695
94.16	684 675 779 692
NO.	126 708 194 729
OF	194 708 238 729
ITEMS	238 708 352 729
3	753 711 781 729
THANK	224 779 330 802
YOU.	330 779 414 802
PLEASE	414 779 541 802
COME	541 779 625 802
AGAIN.	625 779 751 802
*T3620000011000140428*	226 909 769 929

TAX	274 90 414 113
INVOICE	414 90 744 113
BHPETROL	252 132 440 153
SUBANG	440 132 581 153
AIRPORT	581 132 745 153
JALAN	189 153 308 174
LAPANGAN	308 153 500 174
TERBANG	500 153 667 174
SUBANG	667 153 810 174
47200	382 177 500 195
SUBANG	500 177 640 195
SELANGOR	425 197 600 214
D'ROSH	337 237 477 253
SERVPORT	477 237 663 253
CO.	252 253 325 273
REG.	325 253 424 273
NO:	424 253 497 273
000948487-V	497 253 768 273
GST	229 273 302 293
REG.	302 273 401 293
NO:	401 273 474 293
000768122880	474 273 770 293
18-01-2018	62 318 275 334
15:44:46	275 318 467 334
CASHIER:	533 314 720 333
888	720 314 789 333
INVOICE	60 337 228 353
NO:	228 337 300 353
1-916166	300 337 490 353
ITEM	59 378 145 393
U\PRICE	427 378 575 395
QNTY	660 377 751 393
AMOUNT	768 372 900 390
INFINITI	64 418 259 433
97	259 418 308 433
E4MP3	308 418 429 433
2.570	467 418 577 432
16.32	645 416 748 432
41.95	791 410 898 429
S	898 410 940 429
TOTAL	362 457 479 473
SALES	479 457 597 473
41.95	791 453 895 471
TOTAL	362 496 481 513
AMOUNT	481 496 622 513
PAYABLE	622 496 789 513
41.95	787 514 898 530
EDC	362 537 433 552
MASTER	433 537 577 552
41.95	786 534 897 550
GST	59 576 129 592
SUMMARY	129 576 294 592
AMOUNT	510 577 656 591
RM	656 577 705 591
TAX	766 574 844 588
RM	844 574 897 588
S:	79 597 129 611
STANDARD	129 597 332 611
6%	332 597 382 611
39.58	597 596 702 611
2.37	808 595 898 609
ECARD	60 636 166 652
WONG	81 657 182 671
TAI	182 657 258 671
CHIN	258 657 359 671
CARD	77 677 171 692
NUMBER	171 677 314 692
7897139011685960	531 675 877 691
MERCHANT	81 696 264 712
NUMBER	264 696 402 712
000001020138429	552 694 872 711
REFERENCE	83 715 287 733
NUMBER	287 715 422 733
199258579655	620 714 877 729
AWARD	82 735 214 750
BALANCE	214 735 401 750
412	808 734 878 748
EARNED	254 755 386 770
41	825 753 872 769
NEW	252 774 322 789
BALANCE	322 774 486 789
453	806 774 878 789
EPOINTS	79 794 241 811
EXPIRY	241 794 381 811
24	550 793 597 808
31/10/2020	656 794 872 808
136	533 814 597 829
30/11/2020	655 813 879 830
THANK	100 872 222 890
YOU	222 872 297 890
FOR	297 872 371 890
SHOPPING	371 872 568 890
AT	568 872 617 890
SHPETROMART	617 872 889 890
CUSTOMER	186 892 370 909
SERVICE	370 892 531 909
1-300-22-2828	531 892 829 909
RM	705 456 750 471
RM	702 516 748 531
RM	705 536 750 552

SUNFISH	343 110 654 132
<484297-M>	390 138 609 161
22	280 166 332 189
LRG	332 166 410 189
PERUSAHAAN	410 166 673 189
4	673 166 698 189
KIMPAL	234 194 379 218
INDS.PARK	379 194 598 218
B	598 194 621 218
.	621 194 644 218
CAVES	644 194 765 218
TEL	300 221 375 245
:	375 221 399 245
03-61855688	399 221 676 245
NO	57 306 106 327
TABLE	59 334 172 375
10256	833 309 943 329
12	902 336 943 379
SALTED	57 406 201 430
F	201 406 224 430
.	224 406 248 430
RICE	248 406 344 430
EFRIED	57 434 208 457
EGG	208 434 283 457
NASI	60 462 158 484
LEMAK	158 462 280 484
DRUMSTICK	280 462 500 484
SOYA	57 490 156 513
CINCAU	156 490 304 513
LARGE	59 518 198 540
/	198 518 225 540
ICE	225 518 308 540
TEA	308 518 392 540
8.50	830 409 920 429
1.80	834 437 922 458
9.80	828 462 921 486
4.30	828 493 923 514
4.30	830 520 923 541
SUBTOTAL	53 571 415 613
RM	55 614 152 639
CASH	152 614 347 639
CHANGE	57 642 194 665
28.70	697 575 919 616
100.000	792 620 946 643
71.30	807 645 920 668
INC	58 697 141 721
6%	141 697 197 721
GST	197 697 280 721
1.62	833 701 924 724
TAX	366 753 440 778
INVOICE	440 753 613 778
#001-001-0934-0001	79 781 501 805
05/01/2018	501 781 723 805
13:30-R	723 781 900 805
GST	300 838 375 860
:	375 838 399 860
002008047616	399 838 700 860
THANK	302 864 534 889
YOU	534 864 674 889

LIM	129 117 228 144
SENG	228 117 361 144
THO	361 117 461 144
HARDWARE	461 117 728 144
TRADING	728 117 961 144
NO	200 150 244 170
7.	244 150 289 170
SIMPANG	289 150 446 170
OFF	446 150 514 170
BATU	514 150 603 170
VILLAGE.	603 150 784 170
JALAN	129 172 246 193
IPOH	246 172 339 193
BATU	339 172 432 193
5.	432 172 479 193
51200	479 172 596 193
KUALA	596 172 713 193
LUMPUR	713 172 853 193
MALAYSIA	387 194 605 215
TEI	225 215 302 234
&	302 215 328 234
FAX	328 215 405 234
NO	405 215 457 234
:	457 215 483 234
03-6258	483 215 665 234
7191	665 215 768 234
03-6258	359 236 532 259
7191	532 236 630 259
COMPANY	169 267 338 290
REG	338 267 409 290
NO.	409 267 480 290
:	480 267 504 290
(002231061-T)	504 267 816 290
GST	212 298 289 318
REG	289 298 365 318
NO.	365 298 441 318
:	441 298 466 318
001269075968	466 298 773 318
TAX	359 326 442 346
INVOICE	442 326 638 346
INVOICE	33 363 191 382
NO	191 363 237 382
:	237 363 259 382
CS	334 363 391 383
23304	391 363 532 383
DATE	30 391 109 410
:	109 391 129 410
29/12/2017	344 390 551 411
11:41	551 390 674 411
CASHIER	33 419 216 439
#	216 419 242 439
LST	334 421 420 439
SIMEN(S)	38 477 234 499
RM	691 456 774 474
CODE	847 458 961 476
3.00	81 507 162 526
X	364 511 397 524
2.00	452 507 543 526
6.00	687 509 776 525
SR	900 507 969 527
SUBTOTAL	242 535 400 556
:	400 535 420 556
6.00	677 535 778 554
TOTAL	100 581 209 601
INCL	209 581 295 601
OF	295 581 338 601
GST	338 581 403 601
:	403 581 424 601
6.00	682 582 778 601
PAYMENT	232 611 399 630
:	399 611 423 630
6.00	687 611 773 629
CHANGE	162 637 313 657
DUE	313 637 388 657
:	388 637 413 657
0.00	688 639 777 655
TOTAL	43 668 150 689
ITEM(S)	150 668 300 689
:	300 668 321 689
3	321 668 341 689
GST	50 701 131 723
SUMMARY	131 701 321 723
AMOUNT(RM)	384 701 633 721
TAX(RM)	730 701 905 722
SR	45 729 119 751
@	200 731 241 752
6%	241 731 322 752
5.66	546 732 634 752
0.34	809 733 900 751
THANK	371 813 525 830
YOU	525 813 617 830
PLEASE	274 837 450 855
COME	450 837 567 855
AGAIN	567 837 713 855
*GOODS	91 860 268 882
SOLD	268 860 386 882
ARE	386 860 474 882
NOT	474 860 563 882
RETURNABLE*	563 860 889 882

GOODS	93 4 213 20
SOLD	213 4 309 20
ARE	309 4 381 20
NOT	381 4 454 20
RETURNABLE	454 4 696 20
THANK	696 4 816 20
YOU	816 4 888 20
SLF	254 113 366 134
CASH	366 113 517 134
&	517 113 554 134
CARRY	554 113 742 134
(002107265-V)	377 143 615 161
NO.	189 168 254 186
15.JLN	254 168 384 186
TSJ2.TMN	384 168 559 186
SUBANG	559 168 690 186
JASA.	690 168 798 186
OFF	299 191 372 210
JLN	372 191 446 210
BT	446 191 494 210
3	494 191 518 210
SUBANG.	518 191 690 210
40000	294 217 403 234
SHAH	403 217 490 234
ALAM.	490 217 598 234
SEL.	598 217 685 234
TEL	156 241 218 259
:	218 241 237 259
03-77343662	237 241 463 259
FAX	515 242 583 260
:	583 242 606 260
TAX	606 242 673 260
INVOICE	673 242 834 260
GST	303 275 366 292
ID	366 275 409 292
:	409 275 430 292
001169362944	430 275 685 292
SIMPLIFIED	252 311 497 329
TAX	497 311 569 329
INVOICE	569 311 741 329
CASH	55 353 154 369
DOC	55 382 123 398
NO	123 382 168 398
:	288 382 309 397
CS00241999	309 382 524 397
DATE:	603 380 709 397
03/02/2018	709 380 888 397
CASHIER	55 408 175 424
:	287 409 315 425
WOON	315 409 434 425
TIME:	600 407 696 424
08:37:00	696 407 851 424
SALESPERSON	54 435 278 453
:	278 435 297 453
REF	600 433 663 450
:	663 433 684 450
ITEM	54 483 127 500
QTY	371 482 431 502
S/PRICE	508 482 627 497
AMOUNT	685 482 819 499
TAX	857 482 920 496
9557366100208	55 508 311 525
1	396 510 409 524
21.20	524 507 612 524
21.20	729 507 819 524
SR	870 507 914 523
CRISPO	55 534 195 550
MINYAK	195 534 335 550
SAPI800G	335 534 521 550
TOTAL	150 560 236 580
QTY:	236 560 305 580
1	386 560 404 578
21.20	729 557 818 574
TOTAL	156 607 251 628
SALES	251 607 345 628
(EXCLUDING	345 607 535 628
GST)	535 607 610 628
:	610 607 628 628
20.00	854 606 944 623
DISCOUNT	461 635 613 653
:	613 635 631 653
0.00	873 634 939 650
TOTAL	430 663 535 680
GST	535 663 598 680
1.20	873 664 944 680
ROUNDING	451 695 610 713
:	610 695 630 713
0.00	870 693 944 709
TOTAL	312 729 460 750
SALES	460 729 607 750
:	607 729 636 750
21.20	803 729 936 748
(INCLUSIVE	147 760 427 786
OF	427 760 482 786
GST)	482 760 593 786
CASH	442 794 598 816
:	598 794 637 816
100.00	777 793 936 815
CHANGE	470 833 612 852
:	612 833 634 852
78.80	852 831 945 848
GST	120 885 212 904
SUMMARY	212 885 425 904
TAX	129 921 196 936
CODE	196 921 287 936
%	380 918 410 940
AMT	502 920 569 937
(RM)	569 920 660 937
TAX	724 920 790 938
(RM)	790 920 878 938
SR	130 944 186 961
6	384 942 410 960
20.00	553 943 657 960
1.20	801 942 878 960
TOTAL	315 976 421 995
:	421 976 442 995
20.00	553 976 655 995
1.20	800 976 876 994

IKANO	303 105 404 119
HANDEL	404 105 526 119
SDN	526 105 586 119
BHD	586 105 646 119
(1074617K)	393 122 560 138
IKEA	291 158 440 172
CHERAS	440 158 662 172
NO	303 176 344 190
2A	344 176 384 190
JALAN	384 176 487 190
COCHRANE	487 176 650 190
TAMAN	373 194 468 208
MALURI	468 194 581 208
55100	321 211 419 225
KUALA	419 211 517 225
LUMPUR	517 211 635 225
GST	302 230 360 242
NO.:	360 230 436 242
000115154944	436 230 667 242
TAX	393 266 451 289
INVOICE	451 266 586 289
SLIP:	145 309 239 323
0000000111000395667	239 309 601 323
DATE:	533 326 637 341
23/12/17	637 326 776 341
TIME:	531 345 639 359
7:13	639 345 725 359
TRANS:	147 363 260 376
411395668	260 363 430 376
STAFF:	533 362 640 376
95651	744 363 830 376
DESCRIPTION	147 397 343 413
AMOUNT	660 397 778 411
TX	778 397 817 411
910347623	147 449 324 465
ALMOND	324 449 442 465
CAK	442 449 501 465
22.50	675 450 776 463
SR	776 450 816 463
999900245	148 487 323 501
IKEA	323 487 400 501
RETAI	400 487 498 501
36.00	677 485 778 499
SR	778 485 819 499
599937000	152 521 330 537
IKEA	330 521 409 537
DRINK	409 521 507 537
1.00	697 521 776 536
SR	776 521 815 536
999900701	147 557 332 571
DARK	332 557 413 571
CHOCOLATE	413 557 597 571
70%	597 557 659 571
U	659 557 678 571
2	202 574 226 589
PC	226 574 274 589
@	274 574 297 589
6.90	297 574 393 589
13.80	685 575 768 589
SR	819 573 854 588
TOTAL	154 626 259 642
RM	259 626 301 642
INCLUDING	301 626 489 642
GST	489 626 552 642
6%	552 626 594 642
73.30	677 628 769 642
ROUNDING	148 646 301 661
ADJ.	301 646 377 661
0.00	697 645 769 659
TOTAL	152 665 247 678
ROUNDED	247 665 381 678
73.30	681 663 767 677
CASH	152 700 226 715
-	666 698 683 714
73.30	683 698 772 714
GST	150 754 204 769
6%	382 754 418 767
73.30	525 752 611 766
4.15	699 753 769 769
AMT.	150 772 231 784
EXCL.	231 772 333 784
GST	333 772 394 784
69.15	683 771 769 784
NO.	153 806 216 822
OF	216 806 258 822
ITEMS	258 806 364 822
5	751 806 772 820
THANK	244 878 345 894
YOU.	345 878 426 894
PLEASE	426 878 548 894
COME	548 878 629 894
AGAIN.	629 878 751 894
SR	241 754 275 768

IKANO	299 70 408 88
HANDEL	408 70 538 88
SDN	538 70 604 88
BHD	604 70 669 88
(1074617K)	391 88 576 110
IKEA	281 123 442 144
CHERAS	442 123 683 144
NO	295 142 339 161
2A	339 142 383 161
JALAN	383 142 493 161
COCHRANE	493 142 668 161
TAMAN	370 159 473 179
MALURI	473 159 597 179
55100	313 178 419 197
KUALA	419 178 525 197
LUMPUR	525 178 653 197
GST	291 195 354 216
NO.:	354 195 437 216
000115154944	437 195 687 216
TAX	386 232 449 267
INVOICE	449 232 599 267
SLIP:	130 283 231 302
0000000011000140428	231 283 617 302
DATE:	530 302 644 321
09/08/17	644 302 797 321
TIME:	532 321 650 339
1:06	650 321 744 339
TRANS:	131 337 251 358
311140123	251 337 429 358
STAFF:	532 337 650 356
96728	753 337 856 357
DESCRIPTION	136 372 335 391
AMOUNT	664 373 795 394
TX	795 373 839 394
30169728	129 425 295 446
BAGIS	295 425 399 446
COAT-HANGER	399 425 629 446
CH	629 425 670 446
2	179 444 205 463
PC	205 444 258 463
@	258 444 284 463
4.90	284 444 391 463
9.80	698 444 798 465
SRM	798 444 873 465
70350938	130 478 296 498
TEODORES	296 478 463 498
CH	463 478 504 498
90.00	683 480 801 498
SR	801 480 848 498
S	848 480 871 498
TOTAL	130 532 240 552
RM	240 532 284 552
INCLUDING	284 532 483 552
GST	483 532 550 552
6%	550 532 593 552
99.80	684 534 777 551
ROUNDING	130 551 286 570
ADJ.	286 551 364 570
0.00	697 551 779 569
TOTAL	131 567 233 587
ROUNDED	233 567 375 587
99.80	683 568 782 587
MASTERCARD	130 607 319 623
-	666 604 685 624
99.80	685 604 782 624
GST	133 657 192 675
SR	220 655 268 675
6%	365 657 417 675
99.80	518 657 616 675
5.64	695 657 777 675
AMT.	126 674 214 695
EXCL.	214 674 325 695
GST	325 674 391 695
94.16	684 675 779 692
NO.	126 708 194 729
OF	194 708 238 729
ITEMS	238 708 352 729
3	753 711 781 729
THANK	224 779 330 802
YOU.	330 779 414 802
PLEASE	414 779 541 802
COME	541 779 625 802
AGAIN.	625 779 751 802
*T3620000011000140428*	226 909 769 929

THE	339 98 376 122
TOAST	376 98 437 122
F&B	437 98 473 122
SDN	473 98 510 122
BHD	510 98 546 122
(965752-T)	547 98 656 122
LOT	360 122 390 141
2110&2111	390 122 479 141
JALAN	479 122 528 141
PERMAS	528 122 587 141
UTARA	587 122 636 141
BANDAR	413 139 477 157
BARU	477 139 520 157
PERMAS	520 139 584 157
81750.JOHOR	394 157 503 175
BAHRU	503 157 553 175
JOHOR	553 157 602 175
TEL:	445 174 476 190
07-3886880	476 174 553 190
GST	409 192 437 210
ID	437 192 456 210
NO	456 192 474 210
002069884928	474 192 587 210
TAX	429 213 469 234
INVOICE	469 213 565 234
PS8418053885	345 248 473 265
11/05/2018	563 243 652 261
S/P:	347 270 394 287
POS	394 270 430 287
LOC:	517 264 562 284
PMS	562 264 595 284
WALK	347 291 383 307
IN	383 291 402 307
TABLE:	347 317 410 339
27	465 317 497 342
ITEM	346 357 378 372
QTY	417 355 442 372
U.PRICE	454 353 503 370
DISC	523 352 555 368
AMOUNT	596 350 655 365
711	348 376 374 393
WM	444 372 470 389
TUNA	470 372 522 389
1	436 395 445 412
5.00	478 394 511 409
0.00	525 392 558 407
5.00	605 390 645 407
S	645 390 654 407
224	348 420 376 435
CANTONESE	444 416 544 431
1	438 439 445 454
10.00	471 438 512 452
0.00	525 436 558 450
10.00	598 433 647 449
S	647 433 657 449
220Z	348 463 388 479
T/A	444 458 477 474
KAMPUNG	477 458 555 474
1	438 482 447 498
10.40	471 481 512 495
0.00	526 479 559 494
10.40	598 477 646 491
S	646 477 655 491
301	349 506 376 521
KOPI	446 500 488 517
-	488 500 499 517
HOT	499 500 531 517
2	438 525 448 541
2.80	480 525 513 539
0.00	526 522 559 538
5.60	604 519 646 536
S	646 519 656 536
TOTAL	350 548 390 563
ITEMS:	390 548 437 563
4	446 547 457 562
SUB	357 573 382 590
TOTAL:	382 573 432 590
31.00	615 570 655 587
LESS	357 595 392 611
DISCOUNT:	392 595 471 611
0.00	623 592 657 607
ROUND:	357 619 413 634
0.00	625 613 657 628
TOTAL	354 642 410 664
DUE	410 642 443 664
(GST	443 642 487 664
INC):	487 642 543 664
31.00	607 640 657 658
PAID:	358 679 410 700
CASH	420 675 458 689
51.00	607 673 658 692
CHANGE:	356 717 445 739
20.00	608 710 658 728
S:GST(6%)	367 757 451 774
29.24	531 754 574 770
1.76	625 751 660 769
PLEASE	363 822 417 839
COME	417 822 452 839
AGAIN!	452 822 506 839
11/05/2018	355 884 426 901
08:35:58	426 884 494 901
PM	494 884 511 901

KFA	372 113 454 140
SUPPLY	454 113 619 140
(	305 145 328 173
ROC	328 145 397 173
:	397 145 419 173
SA0416111-K	419 145 671 173
)	671 145 694 173
(	271 175 292 205
GST	292 175 359 205
NO:	359 175 426 205
002126950400	426 175 697 205
)	697 175 718 205
125A	55 212 160 239
TINGKAT	160 212 343 239
BAWAH	343 212 473 239
PT	473 212 526 239
1961	526 212 630 239
JALAN	630 212 761 239
MALINJA	761 212 944 239
SITE	151 242 253 268
B	253 242 277 268
45400	277 242 405 268
SEKINCHAN	405 242 633 268
SELANGOR	633 242 838 268
TAX	271 309 385 341
INVOICE	385 309 655 341
BILL	78 357 171 382
NO	171 357 217 382
:	271 355 299 382
CS0032277	299 355 555 382
DATE	75 390 168 415
:	271 391 315 416
27/05/2018	315 391 537 416
8:07	537 391 655 416
PM	655 391 714 416
CASHIER	78 419 222 446
:	274 424 299 448
CT001	299 424 428 448
/	428 424 452 448
0001	452 424 555 448
ITEM	80 464 168 490
QTY	411 467 483 493
PRICE	539 464 635 491
AMOUNT	668 467 815 491
STAR	76 502 171 528
74CM	171 502 266 528
X79CM	266 502 385 528
10KEPING	385 502 576 528
9555794100234	81 531 374 556
1	465 534 490 555
11.60	537 533 645 557
11.60	705 532 812 558
SR	812 532 875 558
QTY	75 566 151 592
:	151 566 176 592
1	176 566 200 592
TOTAL	339 568 478 594
RM	478 568 534 594
CASH	338 603 464 628
CHANGE	343 644 485 673
:	578 573 596 590
:	580 609 593 627
:	580 649 594 668
11.60	704 571 808 596
12.00	705 605 807 629
0.40	723 648 805 670
GST	71 709 145 736
SUMMARY	145 709 320 736
SR	75 750 143 776
@	143 750 178 776
6%	178 750 246 776
TOTAL	73 788 155 811
AMOUNT	501 710 638 737
10.94	558 754 661 776
10.94	558 788 656 811
TAX	710 710 776 735
0.66	722 753 808 776
0.66	717 788 805 814
THANK	339 832 504 859
YOU	504 832 602 859
PLEASE	240 858 423 886
COME	423 858 544 886
AGAIN	544 858 696 886

PERNIAGAAN	381 109 505 123
ZHENG	505 109 568 123
HUI	568 109 604 123
JM0325955-V	449 126 537 135
NO.59	408 137 451 149
JALAN	451 137 495 149
PERMAS	495 137 548 149
9/5	548 137 575 149
BANDAR	397 149 454 161
BARU	454 149 493 161
PERMAS	493 149 550 161
JAYA	550 149 589 161
81750	423 162 470 173
JOHOR	470 162 516 173
BAHRU	516 162 563 173
TEL	383 175 407 187
:	407 175 414 187
07-386	414 175 462 187
7524	462 175 494 187
FAX	513 173 537 185
:	537 173 544 185
07-386	544 173 592 185
3793	592 173 624 185
GST	429 188 454 201
NO	454 188 471 201
:	471 188 479 201
000800589824	479 188 581 201
SIMPLIFIED	416 207 505 220
TAX	505 207 532 220
INVOICE	532 207 594 220
GOGIANT	330 226 394 238
ENGINEERING	394 226 494 238
(M)	494 226 522 238
SDN	522 226 549 238
BHD	549 226 577 238
RECEIPT	330 245 385 258
#:	385 245 400 258
CS00084670	400 245 479 258
SALESPERSON:	329 261 408 272
DATE:	551 258 590 270
09/03/2018	590 258 655 270
CASHIER:	331 272 395 284
USER	395 272 427 284
TIME:	551 272 585 283
08:49:00	585 272 640 283
(RM)	561 293 593 303
(RM)	634 291 664 303
ITEM	331 308 360 316
QTY	514 305 537 315
RSP	563 304 592 313
AMOUNT	612 304 665 312
10273	332 320 371 330
1	522 318 529 327
170.00	558 317 599 326
170.00	623 315 664 325
SR:	332 330 357 343
14"	357 330 383 343
TRU-CUT	383 330 444 343
CUTTING	444 330 505 343
DISC	505 330 540 343
(1	540 330 558 343
PC)	558 330 583 343
2547	331 349 364 357
1	522 347 529 355
35.00	560 345 595 354
35.00	631 344 665 353
SR:	332 359 357 371
KOBELCO	357 359 418 371
G-12#(2.6MM)	418 359 521 371
WELDING	521 359 581 371
12133	333 377 371 386
2	520 374 531 383
7.50	564 373 592 383
15.00	632 372 666 382
SR:	333 388 358 400
CS	358 388 375 400
3"	375 388 391 400
(750)	391 388 434 400
PAINT	434 388 477 400
BRUSH	477 388 520 400
10157	333 404 372 414
2	521 402 532 411
5.50	566 401 592 410
11.00	633 400 666 409
SR:	333 415 359 427
CS	359 415 376 427
2"	376 415 392 427
(750)	392 415 435 427
PAINT	435 415 478 427
BRUSH	478 415 521 427
12131	334 432 372 442
1	523 431 531 440
3.50	566 430 593 439
3.50	639 429 668 437
SR:	333 444 357 456
CS	357 444 373 456
1-1/2"	373 444 421 456
(750)	421 444 462 456
PAINT	462 444 502 456
BRUSH	502 444 542 456
9555752615725	333 460 434 471
1	524 459 531 468
25.00	562 458 598 467
25.00	632 457 668 466
SR:2"	333 470 380 484
LAMBWOOL	380 470 455 484
YANDA	455 470 502 484
ROLLER	502 470 558 484
REFIL	558 470 604 484
-	604 470 613 484
20	613 470 632 484
PCS	632 470 659 484
2226	333 490 365 500
1	524 488 532 497
6.00	566 487 593 495
6.00	640 485 667 495
SR:	334 500 362 511
DIAMOND	362 500 427 511
COTTON	427 500 483 511
GLOVE	483 500 529 511
8104	529 500 566 511
3679	334 517 365 526
5	523 515 534 523
1.00	568 515 595 523
5.00	641 513 668 522
SR:	333 526 360 540
10#	360 526 387 540
WELDING	387 526 449 540
GLASS	449 526 493 540
(BLACK)	493 526 555 540
1PCS	555 526 591 540
3680	334 546 367 555
10	522 543 537 553
0.30	567 543 594 551
3.00	641 541 668 550
SR:	334 557 362 568
WELDING	362 557 426 568
GLASS	426 557 472 568
(CLEAR)	472 557 536 568
1	536 557 545 568
PC	545 557 563 568
9555058800696	334 572 434 583
2	524 572 534 580
8.00	567 571 595 580
16.00	635 570 668 579
SR:	334 584 362 596
AEC	362 584 389 596
BROOM	389 584 435 596
NO.5110#	435 584 509 596
C/W	509 584 537 596
IRON	537 584 573 596
HANDLE	573 584 628 596
6891	335 602 366 611
2	525 600 534 609
12.00	565 599 600 608
24.00	634 598 670 608
SR:	335 611 364 625
S/STEEL	364 611 430 625
DUST	430 611 467 625
PANL	467 611 505 625
C/W	505 611 533 625
HANDLE	533 611 590 625
23	590 611 608 625
X	608 611 617 625
28	617 611 635 625
X	635 611 645 625
TOT	370 628 397 638
QTY:	397 628 434 638
28	451 628 468 636
313.50	626 625 668 634
(EXCLUDED	385 654 454 667
GST)	454 654 484 667
SUB	484 654 507 667
TOTAL	507 654 546 667
(RM)	546 654 576 667
:	576 654 583 667
313.50	623 652 666 662
DISCOUNT	484 671 547 681
(RM)	547 671 578 681
:	578 671 585 681
0.00	637 670 665 678
TOTAL	478 688 519 698
GST	519 688 544 698
(RM)	544 688 577 698
:	577 688 585 698
18.81	631 686 665 695
ROUNDING	453 705 537 717
(RM)	537 705 578 717
:	578 705 588 717
-0.01	625 703 665 714
TOTAL	490 722 539 733
(RM)	539 722 579 733
:	579 722 588 733
332.30	612 720 666 730
CASH	526 739 577 748
:	577 739 590 748
332.30	612 737 666 747
CHANGE	471 753 534 766
(RM)	534 753 576 766
:	576 753 586 766
0.00	632 752 666 762
GST	337 790 378 802
SUMMARY	378 790 474 802
TAX	346 814 375 823
CODE	375 814 413 823
%	469 811 482 822
AMOUNT	530 811 587 821
GST	635 810 666 819
SR	349 826 371 835
6	472 824 482 833
313.50	540 824 586 833
18.81	630 822 666 832
TOTAL	438 841 474 852
:	474 841 482 852
313.50	540 840 586 851
18.81	630 839 666 850
GOODS	377 867 426 879
SOLD	426 867 464 879
ARE	464 867 493 879
NOT	493 867 521 879
RETURNABLE.	521 867 627 879
THANK	462 882 507 890
YOU.	507 882 543 890

GUARDIAN	15 167 242 185
HEALTH	242 167 410 185
AND	410 167 494 185
BEAUTY	494 167 662 185
SDN	662 167 746 185
BHD	746 167 829 185
BANDAR	19 187 182 206
BARU	182 187 291 206
RAWANG	291 187 454 206
NO	17 209 79 231
15	79 209 140 231
JALAN	140 209 295 231
BANDAR	295 209 480 231
RAWANG	480 209 664 231
10	664 209 726 231
BANDAR	19 230 184 249
BARU	184 230 293 249
RAWANG	293 230 458 249
TEL:03-60932032	17 252 388 270
COMPANY	19 272 206 291
REG	206 272 285 291
#1101083-1	285 272 553 291
GST	15 293 95 313
REG	95 293 174 313
#000899874816	174 293 525 313
RM	736 337 791 355
121062680	17 359 265 378
100	265 359 347 378
PLUS	347 359 456 378
500ML	456 359 593 378
2.28	809 357 926 376
S	926 357 984 376
SUBTOTAL	115 380 311 400
2.28	807 380 912 398
TOTAL	17 423 158 443
(GST	158 423 269 443
INCL)	269 423 410 443
2.28	805 423 914 442
CASH	15 444 123 463
3.00	805 444 912 463
ROUNDING	17 466 224 486
ADJUSTMENTS	224 466 507 486
0.02	807 466 912 484
CHANGE	17 486 184 506
DUE	184 486 267 506
0.70	805 487 912 506
GST	17 508 95 527
S	15 529 55 549
6%	182 529 242 549
2.15	472 529 579 549
0.13	686 529 791 549
THANK	232 571 373 592
YOU	373 571 456 592
FOR	456 571 539 592
SHOPPING	539 571 765 592
AT	347 596 400 614
GUARDIAN	400 596 621 614
ALL	232 618 321 635
AMOUNTS	321 618 533 635
ARE	533 618 623 635
IN	623 618 682 635
RM	682 618 742 635
GOODS	134 639 267 658
SOLD	267 639 373 658
ARE	373 639 452 658
NON-REFUNDABLE.	452 639 853 658
DISPENSED	162 660 406 679
MEDICINES	406 660 650 679
SOLD	650 660 757 679
ARE	757 660 839 679
NOT	301 684 378 701
RETURNABLE.	378 684 662 701
ALL	61 704 142 722
EXCHANGES	142 704 388 722
AND	388 704 470 722
RETURNS	470 704 660 722
INCLUDING	660 704 906 722
GUARDIAN	59 724 283 744
BRAND	283 724 422 744
PRODUCTS	422 724 646 744
MUST	646 724 757 744
BE	757 724 813 744
MADE	813 724 924 744
WITHIN	15 748 182 767
7DAYS	182 748 321 767
WITH	321 748 432 767
ORIGINAL	432 748 654 767
RECEIPTS	654 748 876 767
AND	876 748 960 767
PRODUCT	132 770 319 788
IN	319 770 373 788
ORIGINAL	373 770 587 788
CONDITION.	587 770 855 788
ST:8282	89 790 273 809
CTR2	273 790 378 809
ID:2055	378 790 563 809
TAXINV:21777	563 790 880 809
17:45	281 814 406 832
RATE	158 509 263 527
GST	402 509 488 527
EXCL	488 509 601 527
GST	688 508 775 527
AMT	775 508 863 527
18/05/18	515 813 718 831

AMANO	22 173 184 196
MALAYSIA	184 173 444 196
SDN	444 173 541 196
BHD	541 173 637 196
(682288-V)	643 173 953 196
12	138 201 202 223
JALAN	202 201 362 223
PENGACARA	362 201 651 223
U1/48	651 201 811 223
TEMASYA	128 228 346 250
INDUSTRIAL	346 228 659 250
PARK	659 228 783 250
40150	134 255 296 277
SHAH	296 255 424 277
ALAM	424 255 553 277
SELANGOR	553 255 811 277
TEL:	160 281 278 302
03-55695002/5003	278 281 755 302
(GST	160 307 284 329
ID:	284 307 376 329
001137704960)	376 307 781 329
TAX	186 388 374 407
INVOICE	374 388 815 407
P/S	18 437 118 458
#02	118 437 218 458
RM3.00	719 701 971 721
A	270 441 304 460
INV-NO.0002300417000138	332 439 981 459
T/D	18 463 116 486
#11	116 463 214 486
TICKET	527 466 709 486
NO.029190	709 466 981 486
ENTRY	14 490 174 515
TIME	174 490 302 515
PAID	18 517 146 538
TIME	146 517 274 538
PARKING	16 542 234 565
TIME	234 542 358 565
30/04/2017	354 494 637 513
(SUN)	637 494 807 513
19:44	807 494 977 513
30/04/2017	354 519 639 538
(SUN)	639 519 809 538
23:14	809 519 979 538
RM3.00	719 728 973 749
RM0.00	719 754 975 773
THANK	412 779 575 801
YOU	575 779 673 801
INCLUSIVE	332 806 617 826
6%	617 806 679 826
GST	679 806 773 826
3:30	863 545 985 565
TYPE	16 568 136 592
RATE	464 572 603 592
A	603 572 637 592
RM3.00	805 571 983 590
PARKING	14 621 234 646
FEE	234 621 328 646
GST(INCLUDED)	18 647 386 669
6.00	464 650 603 670
%	603 650 637 670
RM2.83	807 622 985 643
RM0.17	807 649 983 669
TOTAL	20 698 286 722
PAID	18 725 252 746
CHANGE	20 752 360 776

KFA	372 113 454 140
SUPPLY	454 113 619 140
(	305 145 328 173
ROC	328 145 397 173
:	397 145 419 173
SA0416111-K	419 145 671 173
)	671 145 694 173
(	271 175 292 205
GST	292 175 359 205
NO:	359 175 426 205
002126950400	426 175 697 205
)	697 175 718 205
125A	55 212 160 239
TINGKAT	160 212 343 239
BAWAH	343 212 473 239
PT	473 212 526 239
1961	526 212 630 239
JALAN	630 212 761 239
MALINJA	761 212 944 239
SITE	151 242 253 268
B	253 242 277 268
45400	277 242 405 268
SEKINCHAN	405 242 633 268
SELANGOR	633 242 838 268
TAX	271 309 385 341
INVOICE	385 309 655 341
BILL	78 357 171 382
NO	171 357 217 382
:	271 355 299 382
CS0032277	299 355 555 382
DATE	75 390 168 415
:	271 391 315 416
27/05/2018	315 391 537 416
8:07	537 391 655 416
PM	655 391 714 416
CASHIER	78 419 222 446
:	274 424 299 448
CT001	299 424 428 448
/	428 424 452 448
0001	452 424 555 448
ITEM	80 464 168 490
QTY	411 467 483 493
PRICE	539 464 635 491
AMOUNT	668 467 815 491
STAR	76 502 171 528
74CM	171 502 266 528
X79CM	266 502 385 528
10KEPING	385 502 576 528
9555794100234	81 531 374 556
1	465 534 490 555
11.60	537 533 645 557
11.60	705 532 812 558
SR	812 532 875 558
QTY	75 566 151 592
:	151 566 176 592
1	176 566 200 592
TOTAL	339 568 478 594
RM	478 568 534 594
CASH	338 603 464 628
CHANGE	343 644 485 673
:	578 573 596 590
:	580 609 593 627
:	580 649 594 668
11.60	704 571 808 596
12.00	705 605 807 629
0.40	723 648 805 670
GST	71 709 145 736
SUMMARY	145 709 320 736
SR	75 750 143 776
@	143 750 178 776
6%	178 750 246 776
TOTAL	73 788 155 811
AMOUNT	501 710 638 737
10.94	558 754 661 776
10.94	558 788 656 811
TAX	710 710 776 735
0.66	722 753 808 776
0.66	717 788 805 814
THANK	339 832 504 859
YOU	504 832 602 859
PLEASE	240 858 423 886
COME	423 858 544 886
AGAIN	544 858 696 886

TRIPLE	395 352 447 367
SIX	447 352 472 367
POINT	472 352 516 367
ENTERPRISE	516 352 602 367
666	602 352 628 367
NO	337 368 354 382
14&	354 368 380 382
16	380 368 397 382
JALAN	397 368 439 382
PERMAS	439 368 490 382
4/3	490 368 516 382
BANDAR	516 368 567 382
BARU	567 368 600 382
PERMAS	600 368 652 382
JAY	652 368 677 382
TEL	454 383 476 394
:	476 383 483 394
016-7574666	483 383 569 394
RECEIPT	440 398 488 409
NO:	488 398 509 409
REC-0015016	509 398 585 409
DATE:	410 409 454 422
25-03-2018	454 409 526 422
09:42:19	526 409 595 422
AM	595 409 611 422
PAYMENT	447 425 505 437
TYPE:	505 425 546 437
CASH	546 425 579 437
RECEIPT	476 440 547 458
(RECEIPT	429 460 486 472
NO:	486 460 507 472
REC.0015016)	507 460 593 472
QTY	322 472 348 483
ITEM	348 472 385 483
PRICE	514 471 557 482
TOTAL	577 471 616 481
(RM)	525 484 555 495
(RM)	589 484 616 494
2X	323 501 342 513
HEY	357 501 390 516
SONG	390 501 433 516
4.30	517 501 551 513
7.60	581 501 615 513
CAMELLIA	356 517 427 532
GREEN	427 517 471 532
TEA	355 534 385 545
580ML	385 534 434 545
(DISC:	356 552 407 567
1.0000)	407 552 467 567
DISCOUNT	354 578 413 588
1.00	589 578 615 589
TOTAL	354 596 401 610
AMOUNT	401 596 459 610
7.60	579 597 613 608
TENDERED	354 614 430 627
10.00	570 615 614 626
CHANGE	354 632 416 647
2.40	578 633 613 643

GUARDIAN	63 163 268 180
HEALTH	268 163 422 180
AND	422 163 498 180
BEAUTY	498 163 651 180
SDN	651 163 727 180
BHD	727 163 803 180
GUARDIAN	61 178 261 194
GIANT	261 178 387 194
BREM	387 178 487 194
MALL	487 178 587 194
G-19	60 195 167 213
LEVEL	167 195 302 213
G	302 195 329 213
BREM	61 214 164 232
MALL	164 214 266 232
TEL:03-62584088	61 234 394 251
COMPANY	61 255 232 272
REG	232 255 305 272
#1101083-T	305 255 550 272
GST	61 273 135 291
REG	135 273 208 291
#000899874816	208 273 529 291
RM	717 312 765 331
121095079	67 333 305 348
GDN	305 333 383 348
MC	383 333 435 348
H/W	435 333 513 348
ENC	513 333 592 348
ROM	592 333 670 348
121095079	62 351 303 369
GDN	303 351 383 369
MC	383 351 436 369
H/W	436 351 516 369
ENC	516 351 595 369
ROM	595 351 675 369
121095081	66 372 294 389
GDN	294 372 370 389
MC	370 372 420 389
H/W	420 372 496 389
N/DREAM	496 372 674 389
121095081	62 391 293 410
GDN	293 391 369 410
MC	369 391 419 410
H/W	419 391 495 410
N/DREAM	495 391 674 410
P3	62 411 121 428
KDP	121 411 211 428
G	211 411 240 428
HW	240 411 299 428
4@12	299 411 418 428
SUBTOTAL	150 430 328 447
5.90	778 333 870 350
5.90	781 352 874 370
5.90	779 372 876 390
5.90	779 391 873 410
11.60-	764 412 897 429
12.00	763 432 874 448
S	910 333 940 350
S	911 353 940 370
S	910 372 939 389
S	910 393 938 409
TOTAL	62 468 189 486
(GST	189 468 290 486
INCL)	290 468 417 486
CASH	63 487 156 506
12.00	758 470 876 487
12.00	761 489 874 505
YOUR	61 527 164 544
SAVINGS	164 527 342 544
FOR	342 527 418 544
TODAY	418 527 546 544
11.60	764 527 875 545
GST	59 546 135 563
S	59 566 91 582
RATE	190 546 288 565
6%	214 565 264 582
GST	414 546 488 565
EXCL	488 546 587 565
11.32	458 566 570 583
GST	673 546 751 565
AMT	751 546 829 565
0.68	674 567 763 584
THANK	258 604 384 623
YOU	384 604 460 623
FOR	460 604 536 623
SHOPPING	536 604 740 623
AT	360 624 411 642
GUARDIAN	411 624 613 642
ALL	259 642 340 661
AMOUNTS	340 642 529 661
ARE	529 642 610 661
IN	610 642 664 661
RM	664 642 718 661
GOODS	172 663 293 681
SOLD	293 663 389 681
ARE	389 663 462 681
NON-REFUNDABLE.	462 663 825 681
DISPENSED	196 682 416 700
MEDICINES	416 682 635 700
SOLD	635 682 733 700
ARE	733 682 805 700
NOT	323 702 393 720
RETURNABLE.	393 702 652 720
ALL	106 721 179 739
EXCHANGES	179 721 401 739
AND	401 721 475 739
RETURNS	475 721 647 739
INCLUDING	647 721 869 739
GUARDIAN	104 739 308 758
BRAND	308 739 435 758
PRODUCTS	435 739 639 758
MUST	639 739 740 758
BE	740 739 791 758
MADE	791 739 892 758
WITHIN	62 759 213 778
7DAYS	213 759 338 778
WITH	338 759 439 778
ORIGINAL	439 759 639 778
RECEIPTS	639 759 839 778
AND	839 759 914 778
PRODUCT	170 779 340 797
IN	340 779 388 797
ORIGINAL	388 779 583 797
CONDITION.	583 779 827 797
ST:0	167 798 265 817
CTR1	265 798 363 817
ID:9658	363 798 534 817
TAXINV:41336	534 798 828 817
16:14	305 817 419 834
04/03/18	521 817 700 836

AMANO	15 169 170 197
MALAYSIA	170 169 419 197
SDN	419 169 512 197
BHD	512 169 604 197
(682288-V)	608 169 905 197
12	130 199 190 222
JALAN	190 199 342 222
PENGACARA	342 199 614 222
U1/48	614 199 765 222
TEMASYA	126 224 332 249
INDUSTRIAL	332 224 627 249
PARK	627 224 744 249
40150	124 251 277 275
SHAH	277 251 400 275
ALAM	400 251 523 275
SELANGOR	523 251 769 275
:	236 282 264 304
03-55695002/5003	264 282 718 304
ST	209 307 268 330
ID:	268 307 357 330
001137704960)	357 307 741 330
TAX	181 385 357 409
INVOICE	357 385 767 409
P/S	17 436 111 458
#02	111 436 206 458
POSTED	567 364 986 403
A	258 442 289 460
INV-NO.0002300417000116	313 440 933 461
T/D	20 462 113 485
#11	113 462 206 485
RM1.00	684 705 922 725
TICKET	500 468 672 488
NO.029332	672 468 930 488
ENTRY	17 489 168 513
TIME	168 489 289 513
PAID	13 517 136 538
TIME	136 517 258 538
PARKING	15 542 223 567
TIME	223 542 342 567
TYPE	18 568 130 592
30/04/2017	336 494 608 514
(SUN)	608 494 771 514
20:22	771 494 933 514
30/04/2017	340 520 606 540
(SUN)	606 520 765 540
21:51	765 520 924 540
RM1.00	684 733 920 751
RM0.00	686 759 922 779
THANK	395 784 546 806
YOU	546 784 637 806
INCLUSIVE	317 812 587 830
6%	587 812 646 830
GST	646 812 735 830
1:29	829 548 931 567
RM1.00	765 573 931 593
RATE	446 574 574 594
A	574 574 606 594
PARKING	15 622 226 648
FEE	226 622 317 648
GST(INCLUDED)	17 649 370 673
6.00	446 653 578 673
%	578 653 610 673
RM0.94	765 627 928 646
RM0.06	765 654 931 673
TOTAL	20 701 270 724
PAID	18 728 240 750
CHANGE	17 756 344 779

LIM	136 120 234 140
SENG	234 120 366 140
THO	366 120 464 140
HARDWARE	464 120 728 140
TRADING	728 120 958 140
NO	211 149 255 170
7.	255 149 299 170
SIMPANG	299 149 451 170
OFF	451 149 516 170
BATU	516 149 604 170
VILLAGE.	604 149 778 170
JALAN	131 174 246 194
IPOH	246 174 338 194
BATU	338 174 430 194
5.	430 174 476 194
51200	476 174 592 194
KUALA	592 174 707 194
LUMPUR	707 174 845 194
MALAYSIA	395 194 602 213
TEL	233 216 308 233
&	308 216 332 233
FAX	332 216 407 233
NO	407 216 457 233
:	457 216 481 233
03-6258	481 216 657 233
7191	657 216 757 233
03-6258	365 237 531 254
7191	531 237 625 254
COMPANY	174 266 341 287
REG	341 266 412 287
NO.	412 266 484 287
:	484 266 507 287
(002231061-T)	507 266 819 287
GST	223 296 297 316
REG	297 296 371 316
NO.	371 296 445 316
:	445 296 469 316
001269075968	469 296 768 316
TAX	360 325 443 346
INVOICE	443 325 635 346
INVOICE	39 364 192 382
NO	192 364 236 382
:	236 364 257 382
CS	337 364 392 382
24198	392 364 530 382
DATE	39 392 142 410
:	142 392 168 410
03/02/2018	335 391 541 409
15:28	541 391 664 409
CASHIER	39 420 213 437
#	213 420 237 437
LST	340 419 424 439
BEG	42 478 133 495
GUNI	133 478 254 495
RM	691 455 768 474
CODE	842 453 960 476
10.00	79 505 213 525
NOS	213 505 292 525
X	365 508 400 523
0.70	455 505 542 523
7.00	684 506 776 523
SR	891 506 955 523
SUBTOTAL	251 533 401 552
:	401 533 420 552
7.00	679 533 771 552
TOTAL	101 579 209 600
INCL	209 579 295 600
OF	295 579 337 600
GST	337 579 401 600
:	401 579 422 600
7.00	686 581 766 600
PAYMENT	238 609 397 629
:	397 609 418 629
7.00	684 608 771 627
CHANGE	169 634 322 655
DUE	322 634 398 655
:	398 634 423 655
0.00	684 635 773 653
TOTAL	49 665 153 688
ITEM(S)	153 665 299 688
:	299 665 319 688
10	319 665 360 688
GST	54 696 136 721
SUMMARY	136 696 329 721
AMOUNT(RM)	388 698 631 720
TAX(RM)	719 697 900 720
SR	56 728 121 750
@	207 729 246 750
6%	246 729 328 750
6.60	542 730 634 747
0.40	806 730 900 748
THANK	366 809 519 831
YOU	519 809 610 831
PLEASE	273 835 446 856
COME	446 835 561 856
AGAIN	561 835 705 856
*GOODS	89 858 267 879
SOLD	267 858 386 879
ARE	386 858 474 879
NOT	474 858 562 879
RETURNABLE*	562 858 889 879

HASHA	402 267 439 279
PETROKIOSK	439 267 513 279
COMPANY	404 279 454 290
NO:	454 279 475 290
LOT	401 286 426 301
PTD	426 286 452 301
198718	452 286 502 301
TMN	502 286 527 301
SIERRA	527 286 577 301
P	577 286 585 301
81750	403 300 441 311
MASAI	441 300 480 311
JOHOR	480 300 518 311
SITE:	405 312 438 323
2591	438 312 465 323
TELEPHONE:	405 324 471 334
GST	404 336 428 346
NO:	428 336 451 346
RECEIPT	460 355 507 367
INVOICE	406 367 457 379
NUMBER	457 367 501 379
22.73	433 385 476 399
LITRE	476 385 518 399
PUMP	518 385 552 399
#	552 385 560 399
02	560 385 577 399
FUELSAVE	407 400 469 412
95	469 400 485 412
RM	509 398 523 408
50.00	543 396 577 407
C	577 396 590 407
2.200	434 412 469 422
RM	483 410 497 419
/	510 408 516 419
LITRE	523 409 557 418
TOTAL	409 423 441 434
RM	510 419 524 431
50.00	544 418 578 428
CASH	409 435 436 445
RM	511 431 524 441
50.00	544 429 579 440
RELIEF	410 444 455 455
GST	455 444 477 455
C	497 442 506 453
RM	506 442 526 453
0.00	551 440 579 450
TOTAL	410 456 447 467
GROSS	447 456 485 467
C	498 454 507 463
RM	507 454 525 463
50.00	546 452 579 462
2018-04-06	437 477 504 488
17:36:35	513 474 568 485
CUSTOMER	457 487 519 498
COPY	519 487 550 498
TERMINAL	412 499 470 512
ID:	470 499 491 512
84259112	540 495 594 505
ID/STAN:	412 511 465 521
274961/000000	507 506 595 518
ENTRY	411 523 448 533
MODE:	448 523 485 533
MSR/1	561 516 595 527
CARD:	413 534 445 544
ATTENDANT	474 529 542 542
TAG	542 529 565 542
CARD	565 529 595 542
XXXXXXXXX0053	507 538 597 551
RESPONSE:-	413 555 479 567
000	516 550 538 561
APPROVED	538 550 598 561
ATTENDANT:	415 589 480 600
MRIFAN	416 599 456 611
DATE	417 622 443 632
TIME	477 619 503 629
NUM	517 619 538 629
OPT	558 616 577 627
06/04/18	415 632 471 644
DIESEL	417 662 465 676
&	465 662 472 676
PETROL	472 662 520 676
RON95	520 662 559 676
GIVEN	418 672 456 689
RELIEF	456 672 502 689
UNDER	502 672 541 689
SECTION	541 672 594 689
56	418 684 435 700
(3)	435 684 461 700
(B)	461 684 487 700
GST	487 684 513 700
ACT	513 684 539 700
2014	539 684 574 700
THANK	419 708 457 721
YOU	457 708 479 721
PLEASE	418 719 465 732
COME	465 719 496 732
AGAIN	496 719 535 732
JM0032980-V	486 275 560 288
073000190	479 321 540 331
000908345344	459 332 541 343
60000437782	514 362 590 374
17:36	478 631 512 640
41766	518 629 554 639
02	558 629 574 638

